1511589,1198933
1511589,41419
1511589,41419
1511589,2172225
1511589,41419
1511589,1666328
1735168,747608
1735168,434087
1735168,1735168
2418820,2390715
2418820,1387745
2418820,2417651
2418820,605199
2418820,152241
2418820,2418820
2418820,208587
2418820,2390715
263563,1446207
263563,2085201
263563,263563
263563,170325
263563,263563
1686611,1348066
1686611,874603
1295408,83930
1295408,392723
1295408,873896
1295408,594795
1295408,170731
1295408,594795
2416209,2093492
184197,1731181
184197,2081292
184197,202141
184197,2024551
184197,2081852
184197,2002000
184197,144544
184197,468770
184197,1810462
1770087,2401597
1770087,531983
1770087,309754
1770087,1652385
1770087,185100
1770087,1652385
1043159,2300144
1043159,812784
1043159,224095
1043159,555272
1043159,2207654
1043159,1554389
1043159,1285194
1043159,355817
1043159,1488802
1043159,812784
1043159,551185
1043159,1955921
1043159,949082
1043159,141053
1043159,1622415
1043159,663017
1043159,1546624
1043159,1168061
1043159,1457656
1043159,270923
1043159,875768
1043159,597481
1043159,1757449
1043159,1944052
1043159,253059
1043159,551185
1043159,2076655
2418853,737490
2416569,436549
2416569,436549
2416569,322792
2416569,306496
2062238,1196675
1809532,1167953
1809532,2349735
1809532,373223
1809532,373223
1809532,54248
1809532,373223
1809532,903026
1809532,1175298
1809532,2419305
1809532,143120
1809532,670208
1809532,233234
1809532,2336384
2179847,2179847
2179847,2368480
2179847,1224409
2179847,169190
2179847,1457492
2179847,2179847
2179847,123582
618531,1634450
618531,156114
618531,409241
618531,587132
618531,340544
618531,2422327
618531,1705186
1039307,294948
1039307,921508
1039307,199544
1039307,2420908
2414243,2231481
2414243,691710
1540861,704498
1540861,704498
1540861,2227430
1540861,2001842
1540861,2307037
1540861,45443
1540861,32667
1540861,1540861
1540861,608944
1540861,170808
1540861,32667
1540861,121760
364616,414981
364616,651811
364616,224855
364616,343479
364616,2397393
364616,395001
364616,656489
364616,2295899
364616,79416
364616,663192
364616,258600
364616,188008
364616,2419208
364616,1625598
364616,1391126
364616,646497
364616,529368
364616,189765
364616,550765
364616,755120
364616,1837110
364616,2422173
364616,1897182
364616,2417829
364616,2252561
364616,210067
364616,2425139
364616,2305791
2368480,2093492
2368480,2368480
2368480,1552557
2368480,2179847
2368480,2368028
2368480,2368028
2368480,2368480
309444,2320819
1190882,2113722
1190882,2272678
1190882,2039028
1190882,1431438
1190882,2304978
1190882,1091906
1190882,805115
1190882,1113531
1190882,1417584
1190882,2411205
1190882,1545303
1190882,602882
1190882,2107847
1190882,2099866
1190882,1190882
1190882,2424945
1190882,2453602
1190882,1539196
2038568,2415307
2038568,2416209
2038568,181951
2038568,1083794
2038568,2391395
1937243,1852642
1937243,1869
1937243,536520
1937243,562234
1937243,377249
1937243,157711
1937243,1937243
1937243,157711
183709,632468
183709,765751
183709,304082
183709,1427819
2092700,2092700
2092700,2300144
2092700,2300144
2092700,2092700
2092700,1608156
2092700,1043159
2092700,530366
2092700,2395453
2092700,1459045
2092700,1138491
2092700,838616
2092700,370115
2092700,2207654
2092700,2045486
2092700,2045486
2092700,221661
2092700,853185
2092700,327097
2092700,119134
2092700,1476587
2092700,373341
2092700,875768
2092700,1085342
2092700,854986
2092700,1593049
2092700,2008387
2092700,958853
2092700,958853
2092700,1288301
1954792,149002
1954792,291914
1954792,216205
1954792,109975
1156115,2241716
1156115,1731181
1156115,1156115
1156115,2333538
1156115,1736054
1774555,579802
1774555,97088
1774555,1211497
1774555,850259
1774555,202986
1774555,1517174
444819,571391
444819,910386
444819,805497
778770,216541
778770,153360
778770,535830
531199,657292
531199,544208
2418871,2418871
2418871,405824
2418863,167390
2418863,640163
2418863,1397423
2418863,2418863
1441340,198587
1441340,541023
1638910,268499
1638910,333622
1638910,279089
1638910,314485
762528,187919
995297,995297
995297,995297
995297,995297
995297,995297
995297,995297
995297,995297
995297,995297
995297,995297
995297,995297
995297,995297
995297,995297
995297,995297
995297,995297
995297,995297
995297,995297
995297,995297
995297,995297
995297,917507
995297,917507
995297,917507
995297,508972
995297,1059017
995297,508906
995297,1059017
995297,508906
995297,508972
995297,1473570
995297,462764
995297,462764
995297,508906
995297,995297
995297,462764
995297,462764
995297,462764
995297,1473570
995297,995297
995297,508972
995297,1473570
995297,995297
995297,995297
995297,917507
995297,917507
995297,508972
995297,917507
995297,917507
995297,917507
995297,508972
995297,1473570
995297,1473570
995297,508972
995297,508972
995297,2118049
995297,504363
995297,508972
995297,995297
995297,508972
995297,917507
995297,995297
995297,995297
995297,508972
995297,917507
995297,504363
995297,917507
995297,504363
995297,995297
995297,508906
995297,995297
995297,1473570
995297,508906
995297,508906
995297,995297
995297,508972
995297,508906
995297,891202
995297,995297
995297,508972
995297,508906
995297,891202
995297,508972
995297,508906
995297,508972
995297,508906
995297,891202
995297,504363
995297,504363
995297,508906
995297,1473570
995297,508906
995297,508906
995297,508906
995297,917507
995297,917507
995297,508906
995297,508906
995297,1473570
995297,2407207
995297,917507
995297,917507
995297,917507
995297,462764
995297,824562
995297,1057229
995297,1057229
995297,1057229
995297,744476
995297,1057229
995297,1057229
995297,1057229
995297,744476
995297,1057229
995297,744476
995297,1057229
995297,744476
995297,1057229
995297,1057229
995297,1057229
995297,744476
995297,1057229
995297,1057229
995297,744476
995297,1057229
995297,1057229
995297,744476
995297,744476
995297,1057229
995297,1057229
995297,1057229
995297,744476
995297,1057229
995297,744476
995297,1057229
995297,508906
995297,1057229
995297,1057229
995297,849829
995297,1057229
995297,1057229
995297,1057229
995297,744476
995297,849829
995297,508906
995297,744476
995297,508906
995297,744476
995297,849829
995297,508906
995297,1057229
995297,744476
995297,508906
995297,849829
995297,744476
995297,508906
995297,849829
995297,508906
995297,824562
995297,1057229
995297,849829
995297,1057229
995297,744476
995297,508906
995297,744476
995297,824562
995297,508906
995297,849829
995297,744476
995297,1057229
995297,508906
995297,824562
995297,849829
995297,2407207
995297,744476
995297,508906
995297,1057229
995297,1057229
995297,824562
995297,508906
995297,1057229
995297,508906
995297,824562
995297,824562
995297,744476
995297,824562
995297,676517
995297,849829
995297,849829
995297,849829
995297,676517
995297,744476
995297,744476
995297,744476
995297,1057229
995297,676517
995297,1057229
995297,1057229
995297,1057229
995297,849829
995297,676517
995297,849829
995297,849829
995297,1057229
995297,1057229
995297,676517
995297,744476
995297,744476
2418852,2458703
1006670,1167953
1006670,235164
1006670,1071488
1006670,1035887
1006670,1959765
1006670,1624866
1006670,2249335
1006670,143120
1006670,158988
1006670,237635
1006670,2020186
1006670,2218175
1006670,1957783
1006670,2191538
1006670,1810587
594756,656460
594756,648478
594756,1179313
594756,411924
594756,1968593
594756,1672366
594756,289883
594756,613108
1966883,1600125
1966883,2179847
1966883,2359199
2113722,1995078
588798,2199210
1827211,635602
1827211,203032
2123924,2409424
2123924,2409424
1600125,2113722
1600125,2272678
1600125,633319
1600125,1284482
1600125,2417602
1600125,2294396
1600125,2257175
1600125,1600125
1600125,1789877
2305841,2416209
2305841,2179847
2305841,2187340
2305841,978128
2305841,1166079
2368535,1458702
2368535,831983
2368535,2265795
2368535,2419320
2368535,2391395
1532502,266432
1532502,1917945
140657,1623588
140657,632675
140657,269410
140657,170325
140657,170325
1819458,2320819
1819458,2241716
1819458,881077
1819458,1702443
1819458,86160
1819458,83459
1819458,2203009
1819458,2409730
1819458,354067
1819458,115445
1819458,637346
1819458,686240
1819458,1316895
1819458,421882
1819458,242400
1819458,155922
2066589,413705
2066589,2373742
2066589,2188676
2066589,130557
2066589,2280830
2066589,602172
2066589,2410483
2066589,2419734
1776831,425109
1776831,2011181
2418899,664230
2418899,883550
2418899,578885
848674,249228
848674,536349
848674,532855
848674,889672
848674,367916
848674,848674
848674,121727
848674,121727
2307602,2317594
2307602,729205
2307602,389686
2307602,1923606
2307602,783715
2307602,1927531
2307602,1164326
2398698,2080587
2398698,1553085
2398698,816590
2398698,2294396
2398698,2395039
39159,258478
39159,1894956
775720,302187
775720,221586
775720,1514239
775720,232455
1452108,684723
1452108,7988
1452108,1716286
1452108,1196675
1452108,148387
1910359,1000958
1910359,1458702
1910359,2250678
1910359,1917945
1910359,2295863
1910359,1869114
1910359,2294396
1910359,1166079
1910359,823772
1910359,1749422
2418878,640163
2418878,2352872
2418878,854103
2418878,2323651
2418878,2465988
2140791,2080587
2140791,712228
2140791,1869899
2140791,688932
2140791,332720
2140791,924898
2140791,1025664
2140791,683908
2140791,2224117
2140791,213691
2140791,264756
2140791,33120
2140791,580920
2140791,1260740
2301525,1458702
2301525,1869670
2301525,2301525
2350230,2272678
2350230,668812
2350230,634633
2350230,1917945
1781460,405251
1813150,2241716
1813150,190651
1595921,1433410
2194449,1134430
2194449,1395269
2194449,231205
2194449,122811
2194449,538265
2194449,640031
556476,538265
1108185,565047
1108185,2120878
1108185,967027
1108185,607969
1108185,429272
1108185,127486
1108185,1637018
1108185,961273
1108185,935776
1108185,689270
1108185,619208
1581814,438241
1581814,2175994
2418896,1458702
2418896,1595921
2418896,2368028
2418896,2301403
2418896,719831
2418896,2418896
2418896,448197
2418896,2110988
2418896,360881
2418896,963390
2418896,1894193
2418896,36950
1583081,2096522
1583081,961806
1583081,148433
1583081,1215378
1583081,1225111
103690,89191
103690,1008584
103690,103690
103690,982061
103690,317384
103690,103690
2418904,1110390
2418904,651811
2418904,2418904
2418904,632675
2418904,2274663
2418904,604709
428272,428272
428272,644371
428272,250415
428272,292554
428272,428272
428272,590076
428272,428272
428272,656937
428272,583740
428272,416104
428272,428272
428272,279240
428272,1688372
428272,2397393
428272,383426
428272,1632173
428272,1390488
428272,2422173
428272,403975
428272,858497
428272,1255921
428272,271093
428272,2426413
2164811,481256
2164811,2391395
177905,177905
177905,177905
177905,177905
177905,177905
177905,177905
177905,1163575
177905,764501
177905,432967
177905,554411
177905,1175835
177905,356011
177905,811576
2323452,667991
2323452,2157649
2323452,656654
2323452,700016
2323452,871559
2323452,1583495
2323452,552586
2323452,1348066
2323452,1804194
2323452,470899
2323452,1932865
2323452,331336
2323452,80846
2323452,1033688
2323452,392392
2323452,2420448
2323452,1784029
2397970,1749422
2397970,2419695
2397970,2417113
1029893,1860000
1000965,2241716
1000965,469736
2097778,2333439
2097778,245642
2097778,2097778
2002000,294948
2002000,204133
2002000,670430
2002000,2404376
2002000,22724
2002000,413402
2002000,265944
1184576,2081852
1184576,743612
1184576,2393674
1184576,2253146
1184576,21031
1184576,21031
1184576,21031
1184576,2001842
1184576,26849
1184576,19400
1184576,21031
1184576,259116
1184576,465392
1184576,465392
1184576,21031
1184576,19400
1184576,170808
1184576,541893
1184576,710594
1184576,1184576
1184576,660893
1184576,260921
1184576,1864989
1184576,582394
1184576,775601
1184576,640408
1184576,501616
1184576,1791913
1184576,1579997
1184576,296992
1184576,2325112
1184576,582394
1184576,980033
1184576,465392
1184576,652737
1184576,665369
1184576,308239
1184576,618336
1184576,1184576
1184576,530651
1184576,614430
1184576,700884
1184576,825685
1184576,247882
1184576,1122599
1184576,1184576
1184576,342685
1184576,1995806
1184576,1734478
1184576,401338
1184576,465392
1184576,791399
1184576,652737
1110390,679509
348296,1716698
348296,1608156
348296,2345591
348296,348296
348296,2300144
348296,838616
348296,442938
348296,348296
348296,2395453
348296,141314
348296,141053
348296,1546624
348296,1157324
607501,249774
607501,1025664
607501,411371
607501,1111180
607501,144532
607501,538265
607501,125586
607501,928721
607501,1396377
873888,896861
873888,873888
873888,1048225
873888,1207651
873888,185927
873888,2158426
2418908,1917945
2418908,1284482
2418908,2359199
607799,614423
607799,1747727
607799,149982
1145216,2268191
1145216,593287
1145216,130379
1145216,1412027
1145216,155922
1145216,130283
1145216,1074204
126903,390720
126903,140114
126903,635481
126903,2329154
873680,1785965
873680,632675
873680,374559
873680,585131
2041680,1327650
2016198,523541
2016198,635481
2016198,111552
2016198,127861
1462831,629363
1462831,1111210
1462831,605446
1462831,513993
91219,700583
91219,260760
91219,643244
91219,611124
91219,2172225
91219,91219
2066589,2093492
2066589,2190368
2066589,2066589
2066589,2315597
2066589,2418896
2066589,2205098
2066589,2347669
2066589,689501
2066589,2325108
2066589,483619
2066589,2417602
2066589,2307696
2066589,775167
2066589,730385
2066589,355817
2066589,522811
2066589,2427808
2363181,1238174
331367,369521
331367,1387745
331367,170325
331367,2107329
331367,1650506
679407,679407
679407,679407
679407,679407
679407,679407
679407,679407
679407,679407
679407,679407
679407,679407
679407,679407
679407,679407
679407,679407
679407,679407
679407,679407
679407,679407
679407,679407
679407,679407
679407,679407
679407,679407
679407,619005
679407,619005
679407,619005
679407,619005
679407,679407
679407,619005
679407,2190100
679407,2190100
679407,679407
679407,619005
679407,679407
679407,619005
679407,619005
679407,386293
679407,386293
679407,386293
679407,386293
679407,386293
679407,386293
679407,386293
679407,386293
679407,386293
679407,386293
679407,386293
679407,386293
679407,386293
679407,386293
679407,386293
679407,386293
679407,386293
679407,386293
679407,386293
679407,386293
679407,386293
679407,141314
679407,386293
679407,386293
679407,386293
679407,386293
679407,386293
679407,386293
679407,141314
679407,386293
679407,141314
679407,386293
679407,386293
679407,386293
679407,141314
679407,1249753
679407,1249753
679407,1249753
679407,141314
679407,386293
679407,1249753
679407,141314
679407,1249753
679407,1249753
679407,386293
679407,141314
679407,1249753
679407,1249753
679407,386293
679407,386293
679407,1249753
679407,141314
679407,141314
679407,386293
679407,141314
679407,386293
679407,386293
679407,141314
679407,2286385
679407,2286385
679407,2286385
679407,2286385
679407,2286385
679407,2286385
679407,2286385
679407,2286385
679407,2286385
679407,2286385
679407,2286385
679407,2286385
679407,1249753
679407,1249753
679407,1249753
679407,1249753
679407,1249753
679407,1249753
679407,679407
679407,679407
679407,679407
679407,679407
679407,679407
679407,679407
679407,679407
679407,679407
679407,679407
679407,679407
679407,141314
679407,386293
679407,386293
679407,386293
679407,679407
679407,679407
679407,2190100
679407,2190100
679407,679407
679407,679407
679407,386293
679407,386293
679407,386293
679407,386293
679407,386293
679407,386293
679407,386293
679407,386293
679407,386293
679407,386293
679407,386293
679407,386293
679407,386293
679407,386293
679407,386293
679407,386293
679407,679407
679407,679407
679407,386293
679407,679407
679407,386293
679407,679407
679407,386293
679407,679407
679407,386293
679407,679407
679407,386293
679407,386293
679407,679407
679407,386293
679407,386293
679407,679407
679407,386293
679407,679407
679407,679407
679407,386293
679407,386293
679407,2190100
679407,679407
679407,386293
679407,679407
679407,386293
679407,2190100
679407,679407
679407,386293
679407,2190100
679407,2190100
679407,679407
679407,2190100
679407,2190100
679407,679407
679407,2190100
679407,2190100
679407,2190100
679407,679407
679407,679407
679407,2190100
679407,679407
679407,679407
679407,2190100
679407,679407
679407,386293
679407,2190100
679407,386293
679407,2190100
679407,679407
679407,2286385
679407,386293
679407,2190100
679407,679407
679407,386293
679407,679407
679407,386293
872729,718871
872729,632675
872729,144532
2163859,2163859
2163859,886614
2163859,176827
2163859,2398233
2163859,843194
2418918,2409286
2418918,2374988
2418918,2418918
2336070,552842
2418920,816590
2418920,720997
2242747,498981
2242747,99028
2242747,498981
2242747,196847
2242747,26849
2242747,129763
2242747,36950
2242747,924365
2242747,1169531
2242747,746502
2242747,1145568
2242747,881456
1320018,255923
1320018,623154
1320018,647408
1320018,503594
1320018,284882
1320018,1196675
1320018,881697
1266555,1567547
1266555,440897
1266555,158988
1266555,357901
2002061,144434
2002061,1357129
2002061,1624200
2360751,690640
2418903,2418903
2418903,2418903
2418903,323876
2418903,2418903
2418903,2418903
1242502,679509
1242502,1242502
1242502,2292604
2336705,564133
2336705,280012
1994920,1110390
1994920,1994920
789529,2295863
1917045,368135
1917045,332720
1917045,2268191
1917045,94400
1917045,206256
1917045,500149
1917045,1161874
1917045,613213
1917045,448360
1783476,382392
1783476,2299757
1783476,683087
1783476,1260264
1783476,311528
1783476,729564
1500080,881697
766078,632675
766078,829850
766078,493068
766078,223545
766078,1462189
766078,327018
766078,488078
766078,2007073
766078,1387745
766078,2370769
766078,417686
473384,1180676
868752,295747
868752,1348066
868752,295747
868752,124838
2232325,921953
2232325,538265
2232325,921953
2206232,1025664
2206232,791617
2206232,2249335
2206232,143120
2206232,2218175
2206232,705948
2206232,721391
2206232,107406
2206232,608903
2206232,1868211
2206232,2336384
2206232,511990
154924,120322
154924,161108
154924,692068
154924,556603
154924,528942
154924,1345654
154924,2122376
154924,64434
154924,528942
154924,1552966
154924,686111
154924,940759
154924,158089
154924,154924
154924,464044
154924,464044
154924,464044
154924,686111
154924,605845
154924,464044
154924,856052
154924,856052
154924,154924
154924,464044
154924,234074
154924,686111
154924,556603
154924,856052
154924,464044
154924,464044
154924,856052
154924,158089
154924,994062
154924,464044
154924,295330
154924,295330
154924,464044
154924,464044
154924,158089
154924,994062
154924,562997
154924,686111
154924,464044
154924,464044
154924,2409730
154924,574194
154924,856052
154924,856052
154924,686111
154924,464044
154924,251676
154924,158089
154924,464044
154924,686111
154924,556603
154924,158089
154924,2409730
154924,154924
154924,154924
154924,528942
154924,1294582
154924,556603
154924,464044
154924,856052
154924,154924
154924,446529
154924,1096071
154924,574194
154924,327097
154924,574194
154924,464044
154924,158089
154924,2409730
154924,169144
154924,464044
154924,234074
154924,686111
154924,154924
154924,464044
154924,251676
154924,683738
154924,255855
154924,234074
154924,464044
154924,940759
154924,154924
154924,464044
154924,32877
154924,366214
154924,358846
154924,1925569
154924,189600
154924,2409730
553270,1172850
553270,553270
553270,1172850
553270,1172850
553270,1172850
553270,553270
553270,1172850
553270,1172850
553270,1172850
589684,249774
589684,258844
589684,648498
589684,1396377
1809846,258844
1809846,1727978
1809846,2419695
1809846,1025628
2134617,2423856
2418925,602150
840399,1518981
840399,1201930
840399,574198
840399,1972753
2341025,1632817
2341025,1407762
2341025,2420448
2341025,146676
2336134,453022
2336134,258844
2336134,184758
2336134,1757459
2336134,1861775
2336134,2391395
2336134,2408295
2418947,745351
120613,117307
120613,296300
1995650,258844
1995650,2418300
2276976,2347802
2276976,688658
2276976,127980
2276976,522820
2276976,2276976
2276976,2276976
2276976,2276976
2276976,2276976
2276976,2276976
2276976,2276976
2276976,1466832
2276976,295715
2276976,273453
2276976,1073050
2276976,450291
1483973,2536785
2264103,498981
2264103,14294
2264103,91821
2264103,190031
438705,1042749
438705,371199
438705,438705
209217,196472
209217,296725
209217,1720175
209217,209217
2099501,1532502
1968593,1968593
1968593,1300203
1968593,769439
1968593,155129
1968593,2409730
1968593,3452
1968593,584823
1968593,857087
1968593,1942578
1968593,156715
1968593,390385
1968593,587323
344748,368151
344748,2339386
344748,637856
344748,658013
344748,538175
344748,860536
344748,929712
344748,921508
344748,1285194
344748,1285194
344748,375084
344748,43230
344748,951769
344748,629523
344748,2339386
344748,683940
344748,929712
153360,153360
153360,153360
153360,153360
153360,153360
153360,153360
153360,153360
153360,153360
153360,153360
153360,153360
153360,153360
153360,509767
153360,153360
153360,153360
153360,153360
153360,153360
153360,153360
153360,153360
153360,153360
153360,153360
153360,475563
153360,673461
153360,681573
153360,690863
153360,544208
153360,540453
153360,385967
153360,153360
153360,329959
2418902,2418968
2418902,2368021
2418902,2404186
2418902,1869670
2418902,2294396
2418902,181977
2418902,2418300
2418902,2162969
650348,1039
650348,672026
650348,751344
650348,1196675
650348,1039
253891,169709
253891,677325
253891,410401
1991882,800498
1991882,648427
1991882,606905
1699501,233191
1336362,1445964
1336362,1348614
1336362,241567
1336362,129763
1336362,196472
1336362,36950
1336362,1336362
1336362,148387
1336362,1445964
1336362,499190
1696301,598549
1696301,1576341
1696301,112492
1696301,1657615
1696301,504148
1696301,820811
1696301,1870624
1696301,283896
2347802,1652798
2347802,945250
2347802,2347802
2347802,2081852
2347802,527117
2347802,803212
2347802,290943
2347802,2347802
2347802,2347802
2347802,644240
2347802,3049
2368021,1918908
2368021,816590
2368021,730385
2418936,660590
2418936,1021324
2418936,2418936
2418936,392980
2393808,2393808
1156115,2333538
1156115,1098007
1156115,2387720
1156115,1156115
500728,500728
500728,636725
500728,500728
2137407,1386307
2137407,323876
2137407,1437124
2137407,626312
2137407,2294396
511629,2217328
511629,21031
511629,21031
511629,2227430
511629,241609
511629,21031
511629,21031
511629,21031
511629,2001842
511629,453062
511629,21031
511629,566191
511629,514951
511629,582286
511629,109367
511629,21031
511629,21031
511629,495880
511629,21031
511629,21031
511629,21031
511629,21031
511629,21031
511629,21031
511629,21031
511629,21031
511629,21031
511629,366193
511629,160133
511629,449105
511629,657918
511629,511629
2418955,216205
2418955,506112
2418955,1471012
2418955,506112
2418955,334127
2418955,1926917
2418955,1481754
2418955,790997
2418955,1471012
1087315,1025664
1087315,2362778
1087315,1767
1087315,122811
1087315,691863
1087315,2257302
1087315,558321
1087315,296528
1087315,875768
1087315,216913
1087315,353918
1087315,341825
1087315,1195195
1087315,376534
1087315,392723
1087315,253014
1087315,357675
1087315,717002
1087315,256102
1087315,607560
1087315,607724
1087315,1642368
1087315,544997
1087315,331367
1087315,1039415
1157660,505192
1157660,867302
209791,160112
209791,327672
209791,63153
209791,170325
209791,2107329
209791,666124
209791,1587934
209791,361368
209791,2300144
209791,2300144
209791,858027
209791,168629
209791,209791
2171242,95946
2171242,249011
2171242,785849
2171242,616733
2171242,663017
51177,1365490
51177,2297229
51177,790855
1605576,736123
2393751,2362778
2393751,690640
2113722,2399746
2113722,785849
2113722,87891
2113722,306496
2113722,785849
2113722,892322
2113722,303311
2113722,605054
2054863,756272
2054863,1535289
2054863,1161874
2054863,630017
2418971,2368021
2418971,1025664
2418971,1395269
2418971,871559
2418971,1284482
2418971,2294396
2418971,2099866
1685884,2416949
1685884,612652
1685884,2063176
1685884,1685884
1685884,211965
1685884,1685884
1685884,2063176
1685884,2063176
1685884,2063176
1685884,1685884
1685884,2416949
1685884,2416949
1685884,1685884
1685884,2063176
1685884,108979
1685884,2416949
1685884,2063176
1685884,2416949
1685884,1685884
1685884,2416949
1685884,2063176
1685884,2063176
1685884,2063176
1685884,2063176
1685884,612652
1685884,2172225
1685884,2384704
1685884,2213816
1685884,256109
1685884,41419
1685884,658568
1685884,2194542
1685884,1623221
1685884,2387278
1685884,963013
1685884,2208333
1685884,1843855
1685884,1843855
1685884,1638402
1861252,1995240
1861252,1543277
1861252,1344645
1861252,2304323
2295932,1781296
2295932,2295932
2418923,2241716
2418923,690640
1792433,323876
1792433,119961
1792433,1420849
2418475,2048538
2418475,2418475
1339194,632675
1339194,641816
1339194,1110390
1339194,151505
1339194,723194
1339194,1505035
2307775,196472
2307775,2417388
2307775,2392132
2418982,791617
2418982,405266
2418982,1083794
1528772,1731181
1528772,2075524
1528772,141475
1528772,1948923
1528772,2081852
1528772,2167368
1528772,2167368
1528772,249211
1528772,705714
748702,748702
748702,160112
359659,2339386
359659,929712
359659,413109
359659,389548
359659,396572
359659,2002000
359659,236965
359659,1966499
359659,436496
359659,2059114
359659,807206
359659,199544
359659,1344829
359659,572430
2032613,181951
2032613,190031
2032613,2032613
2032613,170091
2032613,2368535
628532,705803
628532,455398
2305595,119654
2305595,2305595
1083794,258844
1083794,1104226
1083794,2404186
1083794,2027232
1083794,405266
1083794,2418563
1083794,1960625
1083794,481256
1083794,1548702
1083794,441879
1083794,2368535
1083794,608995
1083794,266432
1083794,1475869
1083794,1083794
2414281,791617
2414281,1083794
2414281,323876
2414281,2294396
2375576,1377005
2375576,1395269
2375576,798940
2375576,213691
2375576,278603
2375576,163055
2375576,558586
2375576,249504
2375576,870162
2375576,2375576
2070637,440334
2070637,835045
2070637,981069
2070637,2070637
2070637,679509
2070637,2070637
2418297,632675
2418297,1262753
2418297,1743686
2418297,653443
2418297,73162
2418297,1387745
2418297,149934
2418297,636643
2418297,1951589
2418297,1910173
2418297,641761
2418297,1436729
2418297,1694105
2418297,506104
1168357,2312366
1168357,1381149
1168357,690640
817884,1731181
817884,832079
817884,2273544
817884,147731
817884,1092825
817884,864615
817884,868666
817884,685686
817884,1376643
817884,1376643
1833621,1332398
1833621,625989
1002994,670117
633311,174160
633311,556603
633311,680893
633311,229191
103719,793350
103719,851337
103719,168610
816547,666972
816547,1546624
816547,709736
816547,249211
816547,1554389
816547,1570968
816547,691122
1708311,2165598
1708311,249211
1708311,1053704
1563105,495450
1109592,1652012
1109592,45443
1109592,156800
1109592,1109592
1109592,582394
1109592,198989
1109592,1109592
1109592,456951
1109592,752229
1109592,2001842
1109592,1109592
1109592,88510
1109592,460749
1109592,1109592
143485,143485
143485,143485
143485,632675
143485,2317594
143485,143485
143485,635481
143485,143485
2409730,420089
2409730,2197515
2409730,2197515
2409730,360958
2409730,161108
2409730,1445992
2409730,2186288
2409730,94400
2409730,528159
2409730,219467
2409730,659164
2409730,358846
2409730,660756
2409730,525081
2409730,116560
2409730,552764
2409730,2083310
2409730,660756
2409730,1057276
2409730,1008044
2409730,2245658
2409730,570820
2409730,571315
2409730,101258
2409730,468597
2409730,802005
2409730,123333
2409730,621485
2409730,2245658
2409730,1614503
2419004,587169
2419004,871559
2419004,736577
2419004,1893915
2419004,2353654
2419004,2419004
2419004,2099866
2418977,2418977
2418977,2418977
2418977,2418977
2418977,739002
2129671,250989
2418935,690863
2418935,641816
2418935,166819
2418935,685055
2418935,276644
2418935,2418935
2419006,635481
2419006,2536424
777810,498981
777810,1196675
777810,1261045
644469,106507
644469,1000756
644469,1539291
644469,592376
644469,314485
644469,504512
644469,811576
644469,225901
245353,612808
1466249,241567
1466249,89845
1106727,684019
1106727,976301
1106727,108684
1106727,399377
1106727,2361405
1106727,1049645
1830472,1852642
1830472,1482791
1830472,835059
1830472,290613
1830472,451375
1830472,381462
2418992,1911611
2418992,363116
2418992,1301061
2418992,1413709
2418992,1641247
2418992,1542492
2418992,923864
2418992,2368535
2418992,1960625
2418992,1420849
2418992,1115425
474055,1465708
474055,28637
474055,282858
474055,409122
474055,747155
474055,403975
474055,831450
474055,383644
474055,1788440
474055,626734
474055,420648
474055,325995
474055,235962
474055,175562
474055,1281704
474055,276378
474055,259993
474055,1438645
1114188,1164312
1114188,658215
1114188,690619
1114188,290943
1114188,742018
1114188,96396
1114188,162375
1114188,2421407
1114188,821550
1114188,369459
1114188,5379
2419019,170325
2419019,63153
905698,106364
905698,589108
905698,2422670
905698,94471
816547,1753168
816547,666972
2396716,2396716
2396716,2368021
2396716,766850
2396716,469560
2396716,2224117
2396716,2396716
2396716,2257175
2419020,899313
2419020,11423
2419020,170325
2419020,932872
2419020,186495
475315,1652012
475315,501757
475315,64348
475315,178258
475315,673461
475315,277264
475315,182045
475315,941195
475315,191515
475315,207837
475315,390108
475315,1864989
475315,199089
475315,2817
475315,19705
475315,596173
475315,451529
475315,1627537
475315,475315
2199769,984609
2199769,129008
2199769,1733095
999570,2412452
999570,628747
999570,998194
688658,306496
162302,1025664
162302,1587225
162302,574198
162302,448372
162302,257563
162302,190365
162302,179138
162302,347941
162302,1988458
162302,155839
162302,556945
162302,1300492
162302,418361
162302,873542
162302,648742
162302,721516
162302,33120
162302,649704
162302,321594
162302,390391
162302,192590
162302,225133
162302,657741
540052,398729
755766,1428399
755766,439954
2312366,2312366
608681,675591
608681,195087
608681,485590
608681,411371
608681,194065
608681,608681
608681,101660
608681,148387
2369388,2416649
2369388,2369388
2369388,241567
2369388,26849
2369388,2369388
241567,241567
241567,241567
241567,241567
241567,241567
241567,241567
241567,241567
241567,241567
241567,241567
241567,241567
241567,241567
241567,241567
241567,494568
241567,241567
2419034,220702
2419034,119961
2419034,2371333
2419034,1782039
2419034,2419034
2419034,2419034
2419034,2419034
2419037,2419037
636585,1716698
636585,670430
636585,2402540
636585,405666
636585,197764
636585,163854
636585,163854
636585,1604073
636585,675480
636585,835150
890049,284368
890049,158988
890049,97088
890049,890049
890049,1747767
1025664,1911611
1025664,2181887
1025664,1126681
1025664,686387
1025664,923864
1025664,1879956
1025664,569295
2312386,2312386
2312386,358323
2312386,362053
2312386,2413887
2312386,2413887
964000,438246
964000,362053
964000,685677
964000,2351368
964000,964000
1918904,1918904
1918904,1921454
1918904,1850034
1918904,707765
1918904,632675
1918904,1918904
1918904,1587934
310290,310290
310290,310290
310290,414981
310290,310290
310290,310290
310290,310290
310290,310290
310290,101660
310290,310290
310290,409241
310290,585413
310290,273374
310290,601141
310290,162479
310290,310290
310290,465944
2419029,1911611
2419029,2064467
2419029,551936
2419029,2326103
2419029,1641247
2419029,1901899
2419029,2388759
2419029,784733
2419029,965707
2419029,2113020
2419029,1949934
2419029,1202757
2001723,2419029
2001723,1911611
2001723,2326103
2001723,1960625
2001723,1686408
2001723,2001723
2001723,528485
2001723,681044
2014354,1385564
2014354,751525
2014354,1161874
2014354,1189528
2014354,1478866
2014354,2355958
2333876,176520
2333876,2301403
2333876,1267531
2333876,2188676
2281404,241567
2281404,196847
2281404,101247
2281404,26849
2281404,36950
2281404,607931
1544725,496652
1544725,1544725
1544725,232908
1544725,1544725
1544725,245894
1544725,496652
1544725,258663
1544725,309140
1544725,129116
1802168,151320
1802168,436496
1802168,1901647
1802168,973053
1802168,1490294
1802168,379752
640851,1230803
640851,73162
640851,861047
640851,301097
640851,265982
2086841,2417113
931504,2001842
931504,186495
931504,333119
931504,248443
931504,1567862
931504,403975
931504,98250
931504,860020
931504,1457492
931504,1012998
931504,186495
931504,522536
670499,539830
670499,155536
670499,1000756
670499,178888
1281073,528159
1281073,35367
1281073,534687
1281073,2186288
1281073,330849
1281073,159928
1281073,165524
1281073,3452
1281073,661648
1281073,1657503
1281073,584823
1281073,2360731
1281073,790612
1281073,122811
1281073,1583495
1281073,146166
1281073,771032
1281073,1281073
1281073,632675
1281073,417074
1281073,524716
1281073,143411
1281073,1641247
1281073,115445
1281073,2402275
1281073,187405
1281073,313034
1281073,2004141
1281073,297916
1281073,93421
1281073,700016
1281073,758018
1281073,680893
1281073,140375
1281073,733014
1281073,584698
1281073,438241
1281073,545087
1281073,201092
1281073,2233249
1281073,646802
1281073,2349358
1281073,2404571
1281073,37527
1281073,109973
1281073,231085
1281073,502876
1281073,454800
1281073,121633
1281073,241055
1281073,1433410
1281073,452901
1281073,1057276
1281073,59807
1281073,260755
1281073,581918
1281073,686240
1281073,524789
1281073,170038
1281073,260921
1281073,328783
1281073,171204
1281073,390385
1281073,626734
1281073,729564
1281073,195852
1281073,257190
1281073,533192
1281073,709085
1281073,244367
1281073,286696
182045,1731181
182045,644371
182045,543792
182045,535923
182045,817884
182045,2384014
249391,1731181
249391,226894
249391,2249335
249391,430115
249391,440897
249391,782473
249391,607501
249391,1567547
249391,1191964
249391,1254500
249391,2020186
249391,1311108
249391,2410210
249391,2410210
249391,499745
249391,1948978
213602,213602
213602,213602
213602,213602
213602,213602
213602,213602
213602,213602
213602,213602
213602,213602
213602,213602
213602,213602
213602,213602
213602,213602
213602,213602
213602,213602
213602,213602
213602,2300002
213602,111523
213602,111523
213602,111523
213602,111523
213602,111523
213602,111523
213602,111523
213602,111523
213602,111523
213602,672255
213602,386349
164161,164161
164161,164161
164161,164161
164161,164161
164161,164161
164161,164161
164161,582809
164161,375893
164161,450869
164161,147116
164161,172970
1233074,743329
1233074,1285861
1935399,650991
1935399,276319
1935399,2360731
1935399,458013
1935399,612485
1935399,758018
1935399,297916
1935399,1675339
1935399,660756
1935399,37527
1935399,518307
1935399,453298
1935399,1685146
1935399,215645
1935399,1610415
1935399,359332
1935399,621041
1935399,566541
1935399,450545
1935399,92181
1935399,2077568
1935399,122811
1935399,388115
1184364,109399
1184364,392723
1184364,109399
1184364,152447
1184364,1894956
1184364,327018
1184364,65184
1184364,669910
1184364,658215
1184364,109399
1184364,1304377
1184364,374559
1184364,1184364
1184364,601426
324620,188008
324620,668910
1925527,756272
1925527,346154
223565,223565
223565,223565
223565,223565
223565,414981
223565,477340
223565,646853
223565,723489
223565,343479
223565,548527
223565,527186
223565,186394
223565,676226
223565,287159
223565,649316
223565,615445
223565,557608
223565,59848
223565,281838
223565,1644908
223565,1627909
223565,1350027
223565,601141
223565,648692
223565,534421
223565,843451
223565,1176448
376834,360072
376834,705388
376834,203476
376834,446943
2021675,1159016
2021675,486160
2021675,2064619
2166653,297793
2166653,2166653
2311600,672026
2311600,389023
2311600,1065054
2311600,1039
21031,1889429
21031,21031
21031,21031
21031,21031
21031,21031
21031,21031
21031,21031
21031,333331
21031,19400
21031,19400
21031,386207
21031,19400
21031,19400
21031,21031
21031,465392
21031,2001842
21031,140445
21031,119501
21031,176830
21031,181917
21031,2393674
21031,749244
21031,141597
21031,615151
21031,594284
21031,980033
21031,366935
21031,624832
21031,458482
21031,612898
21031,201312
21031,204307
21031,502876
21031,21031
21031,391934
21031,21031
21031,601683
21031,534607
21031,2394409
21031,1310338
21031,208399
21031,2358207
21031,176830
21031,980033
21031,264812
21031,881536
21031,753941
21031,190365
21031,159925
21031,19400
21031,19400
21031,19400
21031,582372
21031,19400
21031,1444926
2419057,778055
2419057,188008
2419057,188008
65184,1462189
65184,170325
65184,1209430
65184,404517
65184,1698149
65184,241105
65184,79160
65184,829850
65184,366141
65184,1230803
65184,347914
2419063,2419063
1803523,115445
1803523,1924505
1803523,1803523
891755,817884
891755,147731
891755,1092825
891755,119617
891755,891755
891755,891755
65184,170325
65184,649812
65184,186495
65184,653629
65184,1587934
65184,846349
65184,2419335
65184,73162
65184,383680
65184,392980
65184,663452
272283,1478499
272283,272283
272283,272283
272283,272283
272283,272283
272283,272283
272283,272283
272283,71690
272283,272283
272283,272283
272283,272283
272283,272283
272283,272283
272283,272283
272283,272283
272283,272283
272283,272283
272283,272283
272283,272283
272283,395049
272283,358595
272283,585631
272283,213691
272283,860417
272283,1418856
272283,304692
272283,662875
272283,2152956
272283,214884
272283,1064199
272283,612003
272283,145793
272283,580392
272283,629170
272283,1182681
272283,1529997
272283,443644
272283,1081754
272283,866503
272283,1025628
272283,204553
272283,73070
272283,631984
272283,390026
272283,272283
272283,415192
272283,374190
272283,297793
272283,1042462
2417565,588208
2417565,1410556
2417565,2326103
2417565,2417113
2417565,2400632
2417565,2294396
2417565,1989441
2417565,1757459
2417565,2406217
2417565,2417565
2417565,1323421
2417565,1475869
2232325,743329
2232325,406602
2232325,237702
2232325,406602
2232325,462191
1999259,879778
1999259,86793
1999259,1547492
1999259,681876
1999259,1988458
1999259,1999259
1999259,1433410
1999259,2268535
1999259,1999259
1999259,2419306
1999259,511002
1999259,1999259
1999259,284882
1999259,401720
1999259,209048
2410955,1370139
2410955,2410955
2410955,1370139
1082623,187031
1082623,1082623
1082623,187031
1082623,1082623
178258,475315
178258,673461
178258,182045
178258,530489
178258,451529
178258,596173
178258,151470
178258,425109
2321790,1632817
2321790,1407762
2321790,1487030
2321790,1688372
2321790,562331
2321790,1674646
65184,186495
65184,763184
65184,92190
2419072,286070
2419072,494215
2419072,1785965
2419072,140114
2419072,2329154
2419072,1676691
2419072,906355
1112957,622693
1112957,65184
1112957,2094592
1112957,172968
1112957,65184
1112957,1112957
1112957,669824
1112957,2094592
1531322,2400435
1215214,1215214
1215214,1215214
1215214,1215214
1215214,1215214
1215214,1215214
1215214,1215214
1215214,1215214
1215214,1215214
1215214,1215214
1215214,1215214
1162561,2172225
1162561,256109
1162561,1623221
1162561,155554
1162561,2344345
115464,115464
115464,115464
115464,115464
115464,115464
115464,115464
115464,115464
115464,115464
115464,115464
115464,115464
115464,115464
115464,115464
115464,115464
115464,115464
115464,115464
115464,115464
115464,673461
115464,506454
115464,2083644
115464,268229
115464,544208
115464,140207
115464,635557
115464,616823
115464,671154
115464,474968
115464,437309
148035,215498
148035,885667
148035,719831
148035,1528143
148035,705388
148035,110603
148035,671370
148035,1305053
342542,342542
342542,342542
342542,342542
342542,343479
342542,1313900
342542,414981
342542,1313900
342542,548527
342542,585781
342542,342542
342542,186394
342542,342542
342542,615445
342542,585781
342542,548527
342542,527186
342542,615445
342542,287159
342542,615445
342542,343479
342542,380377
342542,342542
342542,186394
342542,343479
342542,494969
342542,110760
342542,59848
342542,1627909
342542,557608
342542,906956
342542,1627909
342542,1350027
342542,281838
342542,557608
342542,223565
342542,281838
342542,1644908
342542,1644908
342542,186394
342542,580314
342542,186394
342542,414981
342542,186394
342542,183445
342542,1644908
342542,580314
342542,447916
342542,287159
342542,615445
342542,527186
342542,875070
342542,875070
342542,287159
342542,1644908
342542,186394
342542,479283
342542,601141
342542,186394
342542,186394
342542,656937
342542,186394
342542,527186
342542,281838
342542,1627909
342542,186394
342542,580314
342542,661680
342542,281838
342542,648692
342542,186394
342542,281838
342542,557608
342542,580314
342542,287159
342542,186394
342542,186394
342542,343479
342542,186394
342542,281838
342542,1627909
342542,585781
342542,287159
342542,601141
342542,661680
342542,342542
342542,601141
342542,1627909
342542,527186
342542,1627909
342542,287159
342542,557608
342542,1627909
342542,580314
342542,548527
342542,548527
342542,287159
342542,1627909
342542,1627909
342542,1627909
342542,1627909
342542,906956
342542,186394
342542,1644908
342542,609834
342542,1644908
342542,1627909
342542,1644908
342542,906956
342542,557608
342542,287159
342542,1644908
342542,1644908
342542,59848
342542,1644908
342542,1644908
342542,585781
342542,585781
342542,585781
342542,585781
342542,1644908
342542,186394
342542,615445
342542,615445
342542,615445
342542,615445
342542,287159
342542,615445
342542,287159
342542,1644908
342542,585781
342542,1313900
342542,342542
168185,30456
168185,212839
168185,656468
168185,104514
165760,165760
165760,165760
165760,165760
165760,165760
165760,690106
165760,352454
165760,165760
165760,165760
165760,165760
165760,1123546
165760,165760
165760,690106
165760,165760
165760,127445
165760,1123546
165760,127445
165760,586974
165760,584442
165760,127445
165760,1123546
165760,127445
165760,127445
165760,165760
165760,386349
165760,670450
165760,1161154
165760,386349
165760,670836
165760,1341338
165760,670450
165760,127445
165760,165760
165760,114724
165760,670836
165760,670450
165760,563068
165760,563068
165760,386349
165760,1123546
165760,291923
165760,127445
165760,584442
165760,127445
165760,584442
165760,386349
165760,429810
165760,670450
165760,1123546
165760,670450
165760,670450
165760,1101259
165760,291923
165760,670450
165760,291923
165760,215383
165760,1101259
165760,586974
165760,670450
165760,386349
165760,429810
165760,670836
165760,1101259
165760,1101259
165760,670450
165760,670450
165760,386349
165760,680696
165760,680696
165760,114724
165760,584442
165760,680696
165760,165760
165760,1101259
165760,1101259
165760,386349
165760,1123546
165760,1101259
165760,1101259
165760,670450
165760,1123546
165760,680696
165760,586974
165760,586974
165760,1101259
165760,1123546
165760,670450
165760,1101259
165760,1101259
165760,670450
165760,352454
165760,386349
165760,1101259
165760,165760
165760,584442
165760,114724
165760,429810
165760,584442
165760,1101259
165760,352454
165760,670450
165760,127445
165760,670450
165760,352454
165760,352454
165760,352454
165760,352454
165760,352454
165760,352454
165760,670450
165760,352454
165760,352454
165760,352454
165760,352454
165760,352454
165760,1123546
165760,670450
165760,127445
165760,127445
165760,586974
165760,352454
165760,670450
165760,670450
165760,352454
165760,680696
165760,352454
165760,1101259
165760,680696
165760,165760
165760,165760
165760,429810
165760,1101259
165760,1101259
165760,165760
165760,670836
165760,670836
165760,586974
165760,165760
165760,1059665
165760,1059665
165760,1123546
165760,165760
165760,586974
165760,586974
165760,1101259
165760,1059665
165760,165760
165760,680696
165760,1123546
165760,586974
165760,670450
165760,1101259
165760,584442
165760,1101259
165760,1101259
165760,680696
165760,165760
165760,670450
165760,584442
165760,352454
165760,429810
165760,1101259
165760,352454
165760,352454
165760,352454
165760,352454
165760,352454
165760,165760
165760,352454
165760,670450
165760,352454
165760,670836
165760,1123546
165760,1123546
165760,670836
165760,352454
165760,1123546
165760,670836
165760,670450
165760,1123546
165760,670450
1724212,588208
1724212,300064
1724212,1323421
2417843,129763
2417843,26849
2417843,674665
2417843,672026
2417843,668833
2417843,458298
1971433,196847
1971433,26849
1971433,229630
1971433,169759
1971433,297793
1971433,672026
1971433,1750507
1971433,1664
1971433,1281
480851,402186
480851,623850
480851,220150
480851,329402
480851,465944
480851,346737
480851,223886
480851,714402
480851,405415
1947281,364988
332099,2271199
332099,762003
332099,332099
332099,450191
332099,192459
332099,710782
332099,1416502
332099,161057
332099,2252907
332099,529720
332099,464420
332099,1038437
1253831,543028
625116,664498
625116,765734
625116,765734
625116,690863
625116,797493
625116,1275633
625116,765734
625116,599066
625116,1869114
625116,1587057
625116,603759
625116,59146
625116,639101
625116,765734
625116,765734
625116,1410556
625116,624489
625116,2155348
625116,882603
625116,269919
625116,672093
625116,711730
625116,793958
625116,1036397
625116,1620684
625116,265470
625116,882603
625116,614699
625116,765734
625116,2355487
625116,588208
625116,711730
625116,765859
625116,1275633
625116,700585
625116,711730
625116,2299414
625116,1676614
625116,765734
625116,2113541
625116,300064
625116,1184189
625116,297793
625116,1019583
625116,1275633
625116,763995
625116,870377
625116,2066589
625116,663192
625116,704356
625116,1571912
625116,2294396
625116,1019583
625116,2182201
625116,1275633
625116,1676614
625116,716130
625116,895849
625116,1184189
625116,765734
625116,1620684
625116,914707
625116,1019583
625116,2224117
625116,1579741
625116,1275633
625116,1930773
625116,1019583
625116,763995
625116,1620684
625116,763995
625116,1184189
625116,1579741
625116,763995
625116,793958
625116,793958
625116,793958
625116,1184189
625116,793958
625116,1184189
625116,765734
625116,1724853
625116,1275633
625116,1579741
625116,1184189
625116,1579741
625116,1184189
625116,1930773
625116,1620684
625116,765734
625116,1184189
625116,1676614
625116,1676614
625116,1676614
625116,1676614
625116,1676614
625116,863325
625116,1275633
625116,1275633
625116,863325
625116,863325
625116,863325
625116,1275633
625116,863325
625116,728893
625116,728893
625116,1579741
625116,1579741
625116,1676614
625116,1184189
625116,1184189
625116,1184189
625116,1275633
625116,765734
625116,1184189
625116,1184189
625116,1248090
625116,763995
625116,763995
625116,763995
625116,763995
625116,763995
625116,763995
625116,763995
625116,716130
625116,1184189
625116,1579741
625116,1275633
625116,763995
625116,763995
625116,1275633
625116,711730
625116,763995
625116,716130
625116,1248090
625116,1275633
625116,1248090
625116,1184189
625116,711730
625116,1275633
625116,1275633
120652,1510814
120652,940848
120652,668833
120652,120652
2155266,63153
2155266,160112
2155266,170325
483521,2296290
483521,1984603
483521,866226
483521,2402187
483521,606908
483521,1036397
483521,631711
483521,744898
483521,1696237
483521,1922487
483521,1472352
483521,1497303
483521,415089
483521,1075833
483521,606908
483521,496054
483521,1466463
483521,1696237
483521,866226
483521,2402187
483521,1478409
483521,1502503
483521,606908
483521,1994124
483521,1252970
1998290,216097
1998290,3452
1998290,157579
1998290,584698
1998290,170091
1998290,2233249
1998290,1418407
1998290,2274663
1998290,130379
1998290,1998290
1998290,190674
536425,2249335
536425,666243
536425,330859
536425,1831258
536425,2381062
1442925,661887
1442925,1997962
2419078,1104747
2419078,188008
2419078,2419078
807206,2402540
807206,1731628
807206,921508
807206,932473
807206,119654
807206,595879
807206,731086
807206,980411
807206,672298
807206,953032
807206,531795
807206,660538
807206,119134
807206,1966499
807206,436496
807206,1793781
807206,160925
807206,2124647
807206,686974
2184223,1801957
2184223,2184223
2184223,1801957
2184223,2029468
2184223,224262
93421,1999850
93421,1328354
93421,520096
93421,207290
93421,93421
93421,1316895
93421,325995
524716,417074
524716,290613
524716,390385
524716,451576
524716,375586
685250,504809
685250,1145568
1059320,1436752
1059320,690163
1059320,1059320
1059320,567977
1059320,270154
1059320,283410
1059320,142842
1059320,710897
1059320,1016192
1059320,676225
1059320,158347
1059320,348373
231486,231486
231486,231486
231486,188025
231486,220702
231486,414877
419191,328525
419191,534687
419191,729081
419191,513821
419191,1228642
220334,1082857
220334,2387720
220334,2079318
220334,660113
1868131,2235585
1868131,376023
1868131,1808711
1868131,613108
1868131,286696
1868131,2278
1868131,318984
1868131,873659
2419085,1262649
2419085,1104747
2419085,1629
2419085,280012
2419085,1270378
2419085,2268191
2419085,1223498
2419085,1949140
2093940,1968593
2093940,1839912
2093940,2093940
2093940,1968593
2093940,207290
2093940,459575
2093940,2344809
2093940,457080
430112,1005348
430112,380522
430112,63516
430112,430112
430112,114102
430112,430112
430112,924365
430112,2410483
430112,1005348
430112,380522
430112,881456
1904914,1753168
1904914,666972
1904914,1546624
1904914,2300144
1904914,2372301
1904914,1820061
1904914,2099552
1904914,2050951
1904914,1570968
2417548,1334372
2417548,1778140
2417548,238131
2417548,1114370
2417548,662097
2417548,1024626
2417548,541248
2417548,1054305
2417548,933383
2417548,614377
2417548,616733
2417548,682239
2417548,560217
2417548,541248
2417548,488394
2417548,441874
2246737,2286642
2246737,1365490
2246737,570910
2246737,241567
2246737,1605173
2246737,671737
2246737,181297
2246737,250494
2355718,1348066
2355718,1617479
2355718,2394597
2355718,1012384
2355718,2369911
167611,54248
167611,403975
167611,228880
1624272,1624272
1624272,1624272
1624272,1624272
1624272,1624272
1624272,1261179
1624272,1261179
1624272,1261179
1624272,1261179
1624272,1261179
1624272,1261179
1624272,1261179
1624272,1261179
1624272,683157
1624272,1261179
1624272,551696
1624272,1261179
1624272,551696
1624272,658825
1624272,1261179
1624272,1261179
1624272,916410
1624272,1261179
1624272,1261179
1624272,1261179
1624272,1261179
1624272,1261179
1624272,1261179
1624272,916410
1624272,1261179
1624272,916410
1624272,916410
1624272,1261179
1624272,551696
1624272,1261179
1624272,916410
1624272,149776
1624272,551696
1624272,916410
1624272,1624272
1624272,1261179
1624272,149776
1624272,1261179
1624272,1261179
1624272,1261179
1624272,916410
1624272,1261179
1624272,916410
1624272,1261179
1624272,916410
1624272,149776
1624272,149776
1624272,916410
1624272,916410
1624272,551696
1624272,551696
1624272,551696
1624272,551696
1624272,551696
1624272,551696
1624272,916410
1624272,551696
1624272,551696
1624272,551696
1624272,551696
1624272,916410
1624272,551696
1624272,916410
1624272,551696
1624272,551696
1624272,551696
1624272,551696
1624272,551696
1624272,551696
1624272,551696
1624272,1261179
1624272,1261179
1624272,1261179
1624272,1261179
1624272,685376
1624272,685376
1624272,685376
1624272,685376
1624272,1261179
1624272,685376
1624272,685376
1624272,685376
1624272,1261179
1624272,916410
1624272,1261179
1624272,1261179
1624272,680980
1624272,1261179
1624272,916410
1624272,1261179
1624272,916410
1624272,916410
1624272,1261179
1624272,1261179
1624272,1624272
1624272,1261179
1624272,1624272
1624272,1261179
1624272,1261179
1624272,1261179
1624272,1261179
1624272,551696
1624272,1261179
1624272,551696
1624272,551696
1624272,1261179
1624272,1261179
1624272,551696
1624272,551696
1624272,551696
1624272,551696
1624272,2375881
1624272,2375881
1624272,2375881
1624272,2375881
1624272,551696
1624272,551696
1624272,658241
1624272,551696
1624272,551696
1624272,658241
1624272,551696
708525,729139
708525,290310
708525,1009175
21031,21031
21031,1572947
21031,65087
21031,1545852
21031,2397393
155174,111366
155174,867302
155174,679897
155174,658361
155174,2419695
155174,497670
155174,340584
1566179,2208903
1566179,2239853
1566179,148443
425109,188008
2127331,672026
2127331,389023
2109987,2166185
2172225,309391
2172225,1623221
2172225,2025614
641272,84590
641272,2000308
641272,357536
641272,692125
1434472,1894956
1434472,700583
1434472,1434472
2321146,366703
2321146,673461
157947,207290
157947,819432
157947,655359
157947,307113
644762,673461
644762,2376327
182045,610869
182045,377606
182045,377606
182045,678172
837532,635481
837532,2329154
837532,678122
2404915,2350006
644240,254128
1259091,63516
1259091,186495
1259091,652986
1259091,1259091
1259091,331367
1259091,652986
2165598,569953
2165598,1753168
2165598,575316
2165598,1541211
861047,677291
861047,964140
525328,402674
525328,297793
525328,403975
525328,625972
525328,277723
525328,687855
525328,196782
1532059,1025664
442556,442556
611662,611662
442556,442556
442556,442556
2419108,649812
2419108,932872
2419108,2324595
1445219,245385
1445219,2314407
1445219,232364
1445219,2297377
680883,1025664
680883,318221
680883,207990
680883,676059
2393840,1989441
175872,807805
175872,168028
175872,107858
691510,190031
691510,449548
2419119,2354375
2419119,163869
2419119,357536
2419119,20434
2347602,459291
2347602,332674
2347602,263983
288633,567977
288633,567977
195460,520906
2419118,640408
2419118,144450
2419118,234684
2419118,430838
2419118,2419118
1431684,405266
1477143,1706596
1477143,522888
1477143,2184223
1477143,54248
1477143,403975
1477143,242736
1477143,601411
1477143,2103543
105793,160112
105793,105793
105793,105793
2164107,1532502
2164107,1428399
2164107,1716698
2164107,1104003
2164107,2294396
2164107,2374988
764441,220714
764441,32174
764441,150213
764441,1932865
764441,764441
148530,148287
148530,386254
148530,32877
148530,148530
344293,344293
344293,237762
344293,37387
344293,344293
1953759,276644
1953759,1932865
526288,425846
1445219,658215
1445219,504148
1445219,1456780
2111395,673860
2111395,1563897
2111395,94656
2111395,647818
462817,462817
462817,160112
462817,1497631
1891780,242245
1007802,63516
1007802,63516
1007802,63516
1007802,54248
1007802,403975
1007802,314534
1007802,247474
1930300,167031
1930300,124838
2419132,1997962
656929,1574722
656929,1428399
656929,2165775
1300780,170808
2197896,811341
2197896,648836
1654611,627602
1654611,1919449
1654611,470000
2115733,796784
2115733,2115733
2115733,312599
2115733,2115733
2115733,3330
2115733,710896
2115733,2115733
2115733,181650
2115733,2115733
599539,940966
599539,673292
599539,24095
599539,591536
599539,829850
599539,417686
588210,185605
588210,583617
588210,588210
588210,858027
633134,539305
633134,1270378
633134,129763
2155587,816590
2386313,2129776
360592,169015
360592,208583
360592,328247
360592,284882
360592,366703
360592,219211
2398460,2192579
121268,160112
121268,1587934
121268,240789
121268,170325
749978,749978
2289153,32667
2289153,465392
2289153,21031
1369828,1948858
303850,636643
303850,579909
303850,333106
303850,321575
303850,427933
303850,1297370
585551,255590
585551,582712
585551,148606
585551,271415
585551,2415374
237481,1065054
237481,563273
237481,886130
237481,1489948
237481,2041880
105925,386591
105925,105925
2419173,515536
628740,382602
323738,651533
734114,1066047
379188,433385
182650,177308
221179,676374
2382852,9896
2327674,317765
2302694,1535289
2068322,151404
158826,158826
1927715,2420615
2356277,672214
678437,661648
2383171,1483021
1119201,754806
636933,636933
845248,548241
159781,246029
1957487,425109
2314754,271828
295129,1023244
1752968,544872
2404764,690640
632037,1928253
679196,679196
1066124,655144
1367355,290613
2236380,642464
2412860,626591
1125553,98981
472629,549228
2422073,2422073
266230,266230
1532044,549228
1831953,1966068
876799,389471
1766547,1435354
1514488,674758
2064006,690640
456729,701606
2380251,2079542
2231237,844576
2419037,403975
1042042,603942
1920377,288271
2423210,188008
2216574,2216574
1954792,1976915
1761533,1761533
