1498301,692056
2423557,516295
266230,266230
390786,2131907
2356277,188008
680058,2322962
2423924,530728
166980,570910
771165,232817
2405159,2378095
630576,323041
307428,80947
1503520,26898
2425209,690640
2425342,297793
1248535,1442047
556337,419281
1779564,1779564
1552401,1976915
2356420,674758
197428,702438
632037,632037
1125553,1656839
2405159,602670
628740,2366541
559225,1066191
2201377,355817
2160341,2420686
2316135,2284339
2332129,652004
2412833,783715
633169,858027
849471,603942
1864942,635982
2427815,1052904
2122610,832836
1528918,175320
2427244,2428135
2300144,781211
993901,2317879
2415913,2358862
1573204,1573204
64493,64493
