2419624,1407762
2235607,984124
1064740,258478
2430040,160112
167421,2356811
2187133,277505
2369445,341660
2349101,624416
2328838,1949445
1423425,627320
2324550,354863
2320658,2207455
1098201,1098201
2431296,297793
1401835,608955
1176259,1444158
545099,188008
2431926,942628
2356277,1740890
1222444,2119676
2432367,1197280
2432115,142842
280937,181951
2209754,188008
921343,2179311
2295441,297793
689681,2387720
754623,710594
1911699,637264
1758588,1758588
2411294,684723
1895931,2354675
2350763,196847
169988,1678570
2431367,2156286
2434375,2434375
2434532,692056
644609,460749
2428854,535879
2434791,297793
845722,2397393
1123800,1552557
