2435026,2101265
1647323,1549699
2411644,690640
118566,1466613
2319102,390926
314968,314968
390786,1588968
1844074,452141
210909,719602
2432044,188008
1904094,503831
2424254,946290
2426757,188008
2428135,2438145
456886,2418023
2122504,2423489
1588968,709389
528942,528942
2438844,359921
684799,684799
425109,690640
840685,1365490
482021,178581
2439589,706677
2432236,1331161
398447,398447
2053871,411694
1035811,1215721
1963095,2218175
1546246,31854
2113981,358819
2440531,603984
2202299,391650
493710,408122
2439357,710594
2124758,1219907
873032,441804
650696,2079542
495484,663429
