931881,2378095
1962236,2387720
1997020,2164670
2302988,425109
2442243,2290466
522038,522038
522038,522038
670412,2227235
565819,232455
2406230,474383
2439357,2439357
2062637,564133
2442976,2442976
1345327,603984
2443771,1527823
550680,241567
2107451,690315
1555779,2119676
266230,266230
1118564,593879
2319661,188008
2444803,662655
844800,900000
2444856,188008
606756,451985
1260264,212421
661047,667930
2040444,129763
2445540,2445540
1640116,1401151
2325796,511854
2445935,882113
2446191,497472
2388282,2377963
2446272,1718382
2401801,603942
2446631,1912845
