15456,2179311
2447168,1615908
346151,2351368
1233074,2390715
1981327,2308539
1773486,603942
2447830,179248
2284355,1161154
2447994,1401151
527664,2449408
249079,1716698
2437222,188008
738887,2104393
1968731,945025
1233074,473108
2300144,1976915
2327630,1994587
993795,690640
2412091,2285891
346916,1785965
296420,372606
258102,1163513
2445491,2325068
1448286,219422
1450872,662097
596583,1393743
759180,196113
2029245,436529
2451225,529549
999719,2361913
680619,358690
2081171,691206
2451749,1774797
2451826,2358862
2051303,635982
1001925,302032
2452453,425109
1249961,795883
1451821,1716698
185574,185574
