643079,495750
2443804,129763
1915644,1915644
1696199,614931
1528918,434849
1752211,2333913
1879739,640163
2453709,188008
2438121,633263
1044339,276995
378386,482208
506363,526288
2029245,83816
234715,556480
2434112,651533
2160922,1832013
2454955,267423
1457124,238813
596787,480894
1357946,434532
2452822,188008
2455359,2448795
266230,266230
1912564,828450
588135,1535289
2455622,207990
2455744,403975
2456052,395681
2299822,362121
199631,581280
2386292,456880
1927715,331823
98981,715535
544283,297331
2144993,635982
2104707,223060
2372000,691206
389945,1160729
2357731,188008
1574719,294568
1158872,1158872
661047,2456492
469651,533350
311094,620221
2437839,425109
609805,1736054
