675881,675881
522038,522038
644240,241453
522038,522038
1686813,2458655
737177,1141950
2217328,266632
343580,757581
2459059,262668
2459144,2459144
2432258,2432258
2289092,2418919
1515657,1687070
1663505,933002
2459777,1851641
2460154,529164
2460317,2233320
2460619,425109
2452385,643244
625484,1627965
373223,2428820
2279339,570910
1842687,544872
1156032,1352439
1233074,633760
343580,771383
434926,170325
425109,425109
74253,160173
1295127,1061670
346223,62921
2422366,585235
2462097,840192
708525,654581
1401260,1966763
2434268,425109
2462805,637195
2288868,1101456
2363918,425109
2098713,2098713
381462,381462
1474415,1474415
2442361,1064183
984124,2235607
