2027118,1420849
2021291,2323818
348897,1664354
1827976,646589
1889977,631933
2283282,2454861
1012303,126953
2465865,425109
1416547,297793
192574,192574
2466397,425109
433200,909724
2133653,2133653
1082190,1400311
1207597,764584
559244,661527
1728675,706677
892195,2333439
273334,506575
2467213,2241716
1908519,1908519
774093,774093
1470608,756291
631459,290391
2133653,196847
1275379,1976614
1602065,515747
2356277,11392
2113820,8500
1419182,276995
1403745,1000871
2468283,227516
2468488,2468488
2468479,118218
2153823,392661
2468718,706677
581067,1735519
2445245,831456
2468913,626898
2468954,1487618
2469144,2469144
2180582,798812
1317844,141605
2089155,2133419
2469620,1349509
1827355,1962922
2205313,1678363
808193,547168
