2152303,558476
2470337,2360766
365243,689414
596173,596173
52681,2394583
506363,357814
575494,769159
2467208,206593
2471581,2196200
685489,685489
2356277,391913
627114,2315397
384085,2309457
2471727,2349725
675975,675975
1972023,2062588
266230,266230
2430723,590407
2450269,2344232
1150109,2456492
659377,659377
2379714,2379714
1476820,522567
1517892,1210794
620465,2162099
2340325,2538116
1329269,1192414
663149,493068
2266104,463625
125080,585235
1633651,2262770
2269679,2309457
808456,808456
865905,865905
1715525,1456780
