2470909,1949140
2470909,26849
1383188,473108
1383188,522989
2309795,2309795
2309795,183600
2309795,562270
514155,945052
514155,321575
514155,249211
514155,514155
514155,2348070
165139,311217
165139,165139
165139,602392
165139,846632
165139,2460712
165139,897001
165139,769923
165139,228935
165139,1623221
943525,1118539
943525,1853793
943525,215667
943525,571019
943525,146062
2473378,2460951
2473378,500294
777,154942
777,145305
2045697,1261652
2045697,601141
2045697,333499
2045697,391650
2045697,2381829
2045697,643880
672371,680379
672371,198587
672371,355866
672371,1255455
672371,672371
672371,663304
672371,2422327
1208396,2241716
1208396,440463
1208396,198989
1208396,886130
270618,2428820
270618,512530
270618,2381062
1643361,549228
1249605,774196
2440090,2475930
2440090,727262
2440090,283766
2440090,171984
2440090,524716
2440090,185100
2440090,278777
2440090,285032
2440090,1442874
2440090,475615
2440090,897001
2440090,250010
2440090,142610
2440090,165102
2440090,733014
2440090,755138
2440090,282858
2440090,529069
2440090,849345
2440090,2355351
2440090,704323
2440090,2378008
2472294,235163
2472294,2472294
2472294,320386
2472294,644175
2472294,1220768
2472294,302761
1430067,63153
1430067,170325
1430067,1430067
1430067,63153
1430067,170325
1430067,1430067
1430067,1430067
1430067,63153
441632,441632
441632,441632
849329,1249789
849329,1174032
849329,209485
849329,634551
849329,227484
849329,94800
849329,598178
849329,735940
849329,1253086
849329,2341922
849329,559391
849329,13057
849329,954744
849329,465637
849329,229825
849329,2173078
849329,157365
849329,145062
849329,2478700
849329,657094
849329,2109615
849329,1275539
849329,1904166
849329,602487
849329,333219
849329,1962135
849329,731318
849329,258070
849329,809018
849329,500294
849329,2350285
849329,389449
849329,1964385
849329,471382
849329,2389335
849329,2480053
849329,308606
849329,655210
849329,309937
849329,496025
849329,1057170
849329,782163
849329,1338166
849329,946336
849329,686197
849329,1441010
849329,2482078
849329,2129988
849329,411869
849329,674318
849329,462435
849329,1481901
849329,590501
849329,2472323
849329,763406
849329,1014358
849329,1288183
849329,318312
849329,2200540
849329,913691
849329,2484414
849329,1243235
849329,747913
849329,1669893
849329,1184364
849329,726331
849329,921343
849329,2078479
849329,476368
849329,1724377
849329,638462
849329,277340
849329,332454
849329,474523
849329,575513
849329,1106107
849329,1198276
849329,2345181
849329,141709
849329,1153412
849329,130667
849329,589635
849329,335291
849329,1806449
849329,811347
849329,2312101
849329,618934
849329,197967
849329,369453
849329,149334
849329,160912
849329,547616
849329,465944
849329,1867291
849329,507734
849329,857992
849329,554410
849329,1696538
849329,156684
849329,1515958
849329,1128229
849329,2180768
849329,2496512
849329,10339
849329,469102
849329,403236
849329,2331701
849329,1007497
849329,683845
849329,965730
849329,481353
849329,1876465
849329,156633
2116685,74930
2415460,297793
2415460,1435354
2415460,2409824
2156014,1949140
428272,254932
428272,1427819
428272,1972797
428272,2078967
840685,177308
840685,984124
1614577,578684
1614577,157358
1614577,122811
1614577,359640
1614577,2274663
1614577,264756
1614577,297916
1614577,33120
1614577,304822
1614577,1884163
1614577,258291
1614577,257563
1614577,116384
1614577,729564
1614577,632920
1614577,741799
1614577,886900
1614577,525081
1614577,1280253
1614577,681876
1614577,2278248
1614577,2238725
1614577,2168238
1614577,470416
1614577,156296
1614577,622742
1614577,2168238
1614577,742864
1614577,494108
1614577,157317
387717,690027
387717,387717
387717,237592
387717,387717
387717,237592
897186,981881
897186,403512
897186,897186
897186,399488
2434453,808620
2434453,2434453
2434453,645128
2434453,2434453
2434453,2434453
2434453,2434453
2434453,495653
2434453,2434453
2434453,2434453
2434453,212803
2434453,2434453
2434453,2434453
2434453,2434453
2434453,2434453
2434453,645128
2341104,485590
2341104,1428399
2341104,637467
2341104,305041
2341104,1459811
2341104,2036824
2341104,2370001
2341104,1099963
2341104,1271015
2341104,956577
2341104,514304
2341104,979002
2341104,2148497
2341104,1020652
2341104,1403771
2341104,325821
2341104,1138491
2341104,533464
2341104,716503
2341104,140474
2341104,249774
2341104,505969
2341104,242300
2341104,359859
2341104,114663
2341104,1356860
2341104,1821050
2341104,630459
2341104,1407631
2341104,329933
2341104,688818
2341104,728394
2341104,264130
2341104,1772132
2341104,1067309
2341104,1751263
2341104,553966
2341104,667315
2341104,1139019
2341104,1283297
2341104,239503
2341104,448462
2341104,776082
2341104,997779
2341104,2257159
2341104,998023
2341104,587940
2341104,573257
2341104,528013
2341104,275828
2341104,1519566
2341104,1319023
2341104,535831
2341104,958404
2341104,2447531
2341104,655017
2341104,1925656
2341104,497298
2341104,994220
2341104,2189020
2341104,1644138
2341104,361356
2341104,422186
2341104,267392
2341104,2341104
2341104,237592
2341104,1400286
2341104,2420498
2341104,836153
2341104,411371
2341104,2074486
2341104,954107
2341104,1296473
2341104,551248
2341104,498876
2341104,600192
2341104,1333832
2341104,743152
2341104,647062
2341104,2448945
2341104,1222740
2341104,575440
2341104,788867
2341104,657961
2341104,1714098
2341104,191648
2341104,1037294
2341104,607501
2341104,211417
2341104,805973
2341104,300591
2341104,453829
2341104,164196
2341104,345575
2341104,260506
2341104,533168
2341104,1915227
2341104,251724
2341104,120629
2341104,142309
2341104,302587
2341104,1491907
2341104,730792
2341104,689867
2341104,1771360
2341104,452021
2341104,1284482
2341104,871559
2341104,156902
2341104,749501
2341104,410324
2341104,1067346
2341104,644792
2341104,1191577
2341104,746018
2341104,922249
2341104,217573
2341104,614411
2341104,2229664
2341104,528074
2341104,622065
2341104,28556
2341104,551039
2341104,488049
2341104,1905326
2341104,1029971
2341104,1391330
2341104,624566
2341104,2153525
2341104,1466546
2341104,145865
2341104,1447714
2341104,1830623
2341104,2147737
2341104,795571
2341104,2106799
2341104,2059983
2341104,2395857
2341104,1916009
2341104,1480320
2341104,1440046
2341104,253278
2341104,1351345
2341104,502042
2341104,643251
2341104,204868
2341104,172324
2341104,2334424
2341104,800708
2341104,1639950
2341104,1012545
2341104,396067
2341104,834128
2341104,1074179
2341104,757629
2341104,637292
2341104,1929328
2341104,679646
2341104,572556
2341104,660106
2341104,1239261
2341104,1570706
2341104,533154
2341104,712732
2341104,784067
2341104,496645
2341104,1161431
2341104,2231377
2341104,554028
2341104,62863
2341104,2034470
2341104,357943
2341104,1786750
2341104,1925000
2341104,687923
2341104,197123
2341104,774093
2341104,619840
2341104,720381
2341104,1305937
2341104,520562
2341104,1305937
2341104,28679
2341104,2375881
2341104,929843
2341104,659654
2341104,609327
2341104,2380580
2341104,1718560
2341104,1808937
2341104,552145
2341104,2429514
2341104,1573731
2341104,312043
2341104,1569447
2341104,1781612
2341104,1801826
2341104,778101
2341104,356419
2341104,278169
2341104,204460
2341104,1190430
2341104,151031
2341104,600493
2341104,487500
2341104,2464008
2341104,1717
2341104,301658
2341104,2341104
2341104,1162638
2341104,679241
2341104,925329
2341104,1204532
2341104,487719
2341104,451375
2341104,263493
2341104,962131
2341104,2257175
2341104,457577
2341104,2111329
2341104,2292821
2341104,634772
2341104,89621
2341104,1839889
2341104,602621
2341104,677367
2341104,609896
2341104,223545
2341104,154663
2341104,352146
2341104,366214
2341104,1919663
2341104,341465
2341104,498191
2341104,175614
2341104,1951797
2341104,815424
2341104,1655989
2341104,674057
2341104,1628428
2341104,285053
2476563,281603
2476563,1775335
2476563,1642144
1991878,170091
1991878,1325284
1991878,938620
1991878,2442679
2211085,2345068
2211085,2211085
2211085,1977094
2211085,2211085
2211085,1456780
2211085,2211085
2211085,747155
2211085,75850
2211085,512530
2211085,1959765
2211085,1950227
2211085,2237992
2211085,1727702
2211085,635981
1417121,600196
653574,1512484
653574,1161154
653574,2317594
653574,678566
653574,2418827
653574,212365
653574,711435
653574,504825
489117,981881
489117,130635
489117,36454
489117,150213
489117,680379
489117,457090
489117,403512
489117,158132
489117,489117
489117,182551
489117,177249
489117,228941
489117,1378074
489117,547166
1264176,100515
1264176,656996
1264176,233228
1264176,1003825
1264176,267742
1264176,1121432
1264176,563068
1264176,720172
1264176,274862
1264176,563068
1264176,471119
1264176,1888126
1264176,167837
1264176,271671
1264176,285621
1264176,497963
1264176,228935
1264176,286048
1264176,629682
1264176,81029
1264176,2274663
1264176,180368
1264176,690163
1264176,773745
325601,1546624
325601,249211
325601,321575
346052,207725
346052,250798
346052,266528
346052,457090
346052,346052
346052,1165506
346052,290943
346052,203909
346052,346052
1682957,520821
1682957,497670
1682957,1435354
1682957,2474062
1682957,325407
1682957,497670
1682957,970223
1682957,972749
1682957,2181875
1682957,749244
1682957,1754500
1682957,522989
1682957,240124
1682957,31431
1682957,762003
1682957,2457921
1682957,2189840
1682957,710316
1682957,30367
1682957,1611845
1682957,336386
1682957,1412397
1682957,326005
1682957,307202
1682957,1305581
1682957,1164188
1682957,4567
1682957,169190
1682957,1522163
1682957,494629
1682957,1197217
1682957,81029
1682957,557404
1682957,585578
1682957,9896
1682957,238325
279764,2045334
279764,232908
465712,465712
465712,916787
465712,938631
2475493,2317594
2475493,2225737
1200983,242969
1200983,182551
1200983,875839
1200983,173818
1200983,1200983
889478,1879196
889478,798812
1464116,1161154
1464116,166602
1464116,165621
1464116,1643286
1464116,623481
1464116,714444
1464116,576380
1464116,2523538
909778,2270199
909778,280400
909778,1255764
909778,281113
909778,2343737
909778,658422
1292627,1343571
1292627,383680
1292627,1573918
1292627,720172
1292627,587955
1292627,587955
1292627,1177773
1292627,756127
1292627,1771215
1292627,678747
1292627,2386698
1292627,440762
1292627,587955
1292627,655584
1292627,1096554
1292627,896861
1292627,1292627
1292627,1292627
1292627,1292627
1292627,1292627
1292627,1292627
1292627,2380614
1292627,1781612
1292627,1390211
1292627,353681
1292627,306497
1292627,1771215
1292627,553966
1292627,419025
1292627,32292
1292627,1724613
1292627,212455
1292627,2380614
1292627,166121
1292627,1621408
1292627,166394
1292627,708752
1292627,641713
1292627,1655253
1292627,1292627
1292627,1292627
1292627,358070
1292627,1456780
1292627,422126
1292627,1483214
1292627,1155542
1292627,1489677
1292627,2053837
1292627,1503202
1292627,383680
1292627,1287327
1292627,2104779
1292627,685398
1292627,351426
1292627,1262708
1292627,1726567
1292627,751425
1292627,365982
1292627,436015
1292627,436015
1292627,874825
1292627,1726012
1292627,1338075
1292627,525329
1292627,928721
1292627,970174
1292627,1219225
1292627,1049916
1292627,543570
1292627,1463942
1292627,653162
1292627,546569
1292627,1220416
1292627,609974
1292627,259359
1292627,642528
1292627,725853
1292627,586978
1292627,1343217
1292627,358448
1292627,684166
1292627,2573470
2187864,2412452
2187864,2188583
2187864,799950
2187864,164561
2187864,257004
2187864,313389
2187864,209210
2187864,382726
2187864,382726
2187864,2285741
2187864,2367280
2187864,1032551
1061994,680706
1061994,2309457
1061994,2454911
1061994,2344232
1061994,1865587
1061994,686361
703161,626198
703161,753417
2476593,1932865
2476593,497587
2476593,886130
2476593,1837844
2476593,2476593
1070429,1843931
1923534,534687
1923534,680575
1923534,580920
1923534,383930
1923534,657577
2460891,1248213
2309752,2287795
2309752,2391244
2309752,2460951
2309752,578626
2309752,2456942
1063743,2061353
1063743,1427819
528482,210353
528482,126092
854103,237635
854103,747155
854103,564416
854103,158839
854103,189741
854103,677019
504866,2420209
504866,2420209
504866,21031
504866,160133
504866,570004
504866,19400
2411308,1735085
2411308,390585
2411308,2411308
2411308,931530
2411308,2411308
2411308,676905
2411308,151816
2411308,2411308
210422,164879
210422,855845
210422,384537
210422,502826
2474706,254197
2474706,1209566
2474706,1384015
2474706,1725948
2474706,2445880
2474706,2447222
2474706,26384
2474706,935060
2474706,2474706
2474706,592493
1906377,141962
1906377,602172
1906377,1906377
981270,21031
981270,465392
981270,265618
981270,241453
981270,756127
981270,874525
981270,582286
981270,981270
981270,21031
981270,2404153
260903,1879196
260903,89845
1528967,194879
1528967,19400
1528967,1528967
1528967,2218496
1528967,2218496
778,778
778,778
778,778
778,778
778,679532
778,778
778,778
778,778
778,679532
778,1516754
778,559421
778,155423
778,517321
778,1514116
778,717523
778,1639071
2356415,1311108
2356415,648344
2356415,512530
2356415,520808
473098,167031
473098,400954
473098,464424
473098,1445046
473098,490876
1614577,611333
1614577,2461472
1614577,1455413
1614577,1927631
1614577,1114277
1614577,645999
1614577,2402187
1614577,1266993
1614577,1271572
1614577,470955
1614577,637195
1614577,584228
1614577,616786
1614577,960293
1614577,1431810
1614577,295537
1614577,2046722
1614577,2476843
1614577,1020596
1614577,1705573
1614577,764611
1614577,315392
1614577,331117
1614577,656071
1614577,809529
1614577,900858
1614577,389023
1614577,2105395
1614577,1036287
1614577,1138001
1614577,876017
1614577,701179
1614577,2134952
1614577,889672
1614577,2384064
1614577,1359469
1429741,2444420
1429741,1304275
1429741,668450
1429741,2117957
1429741,628093
1429741,788077
1429741,518181
1429741,900048
1429741,804836
1429741,148581
1429741,780318
1429741,2447108
1429741,793799
1429741,2016280
1429741,586940
1429741,2277678
1429741,593985
1429741,906427
1429741,1086081
1429741,235236
1921869,1484525
1921869,241567
1921869,1851013
1921869,556480
1921869,614812
1921869,2454715
1921869,2478038
1921869,1010106
1921869,2478379
1921869,575148
1921869,1271629
1921869,507887
1921869,466046
1921869,417507
1921869,180797
1921869,1361369
1921869,500737
1921869,702578
1921869,363978
1921869,955621
1921869,173144
1204003,193543
1204003,661527
1204003,535880
650053,392688
650053,213480
650053,585413
650053,477457
650053,686046
650053,650053
650053,674942
650053,884074
337111,588489
337111,858063
337111,635907
337111,1584770
337111,570744
337111,663774
337111,2212841
617812,617812
617812,617812
617812,617812
617812,617812
617812,617812
617812,617812
617812,617812
617812,617812
617812,617812
617812,617812
617812,617812
617812,617812
617812,617812
617812,617812
617812,617812
617812,617812
617812,617812
617812,617812
617812,617812
617812,617812
617812,617812
617812,617812
617812,1421645
617812,1421645
617812,617812
617812,617812
617812,1421645
617812,617812
617812,1421645
617812,1421645
617812,617812
617812,1421645
617812,617812
617812,1421645
617812,617812
617812,617812
617812,617812
617812,1421645
617812,617812
617812,1421645
617812,617812
617812,1421645
617812,1421645
617812,617812
617812,617812
617812,1421645
617812,617812
617812,1421645
617812,617812
617812,617812
617812,617812
617812,1421645
617812,617812
617812,617812
617812,617812
617812,1421645
617812,819849
617812,617812
617812,1421645
617812,819849
617812,617812
617812,617812
617812,1421645
617812,617812
617812,1421645
617812,617812
617812,617812
617812,617812
617812,1421645
617812,617812
617812,819849
617812,617812
617812,617812
617812,617812
617812,819849
617812,819849
617812,1421645
617812,819849
617812,617812
617812,819849
617812,1421645
617812,1421645
617812,819849
617812,819849
617812,617812
617812,819849
617812,1421645
617812,617812
617812,617812
617812,617812
617812,819849
617812,617812
617812,617812
617812,617812
617812,819849
617812,617812
617812,819849
617812,1421645
617812,819849
617812,819849
617812,1421645
617812,1421645
617812,933532
617812,819849
617812,819849
617812,819849
617812,1421645
617812,819849
617812,819849
617812,819849
617812,819849
617812,819849
617812,819849
617812,819849
617812,819849
617812,1421645
617812,1421645
617812,1421645
617812,819849
617812,819849
617812,819849
617812,819849
617812,1421645
617812,1421645
617812,819849
617812,819849
617812,1421645
617812,1421645
617812,819849
617812,1421645
617812,1421645
617812,819849
617812,1421645
617812,1421645
617812,1421645
617812,1421645
617812,819849
617812,819849
617812,1421645
617812,819849
617812,933532
617812,933532
617812,819849
617812,1421645
617812,1421645
617812,1421645
617812,819849
617812,1421645
617812,819849
617812,819849
617812,1421645
617812,1421645
617812,1421645
617812,1421645
617812,1421645
617812,1421645
617812,1421645
617812,1421645
617812,1421645
617812,1421645
617812,1421645
617812,1421645
617812,1421645
617812,1421645
617812,1421645
617812,819849
617812,1421645
617812,1421645
617812,819849
617812,819849
617812,1421645
617812,1421645
617812,819849
617812,819849
617812,819849
617812,819849
617812,1421645
617812,1421645
617812,1421645
617812,819849
617812,1421645
617812,1421645
617812,1421645
617812,819849
617812,1421645
617812,819849
617812,1421645
617812,819849
617812,819849
617812,819849
617812,819849
617812,819849
617812,819849
617812,819849
617812,819849
617812,819849
617812,819849
617812,819849
617812,819849
617812,1421645
1770087,142842
1770087,356419
1770087,2047147
1770087,2036824
1770087,325821
1770087,1088298
1770087,326005
1770087,336386
1770087,256473
1770087,1888126
1770087,704185
346558,2134260
346558,346558
346558,155783
346558,773512
346558,346558
1206260,213094
1206260,1442874
1206260,2470786
1206260,209210
1206260,824393
1206260,1173806
1206260,1007600
1206260,1958053
1206260,750553
1206260,388390
1206260,1533074
1206260,1273687
1206260,2477862
1206260,984118
1206260,180368
1206260,2021588
1206260,1048225
1206260,2364652
1206260,953431
1206260,649689
1206260,476661
1206260,2248928
1206260,391823
1206260,2478816
1206260,624762
1206260,1457492
1206260,1654611
1206260,2184226
1206260,910375
1206260,421869
1206260,868542
1206260,436702
1206260,1262460
1206260,1714907
1206260,806115
1206260,2410329
1206260,1752969
1206260,1206260
1206260,462131
1206260,952093
1206260,456204
1206260,1038437
1206260,686197
1206260,2482098
1206260,31431
1206260,2381515
1206260,286295
1231354,783715
1231354,666359
1231354,211489
1231354,770122
1231354,770122
1231354,2416062
1231354,760376
1231354,1498424
1231354,211007
1231354,1384826
2352429,2158978
2352429,2416949
2352429,1623221
2352429,2426859
2352429,2449534
2352429,1998314
2352429,1170805
2352429,2460712
2352429,897001
2352429,2473395
2352429,2398868
2352429,2315651
2352429,1132726
2352429,2222062
2352429,2384704
2352429,2461891
2352429,2352429
2352429,469524
2352429,510754
2308907,1870768
2308907,2308907
2308907,36902
2308907,1272765
2308907,527322
2308907,336386
2308907,419686
2308907,419686
2308907,2308907
631915,2475493
631915,241567
631915,241567
631915,778190
631915,231615
631915,631915
313203,63516
313203,1268482
313203,1819414
313203,313203
469008,285915
469008,159405
469008,684333
469008,297916
469008,1003825
469008,2181875
469008,457879
469008,970223
469008,235450
469008,1754500
469008,31431
469008,664229
469008,648359
469008,494964
469008,1436162
469008,2449796
469008,2149616
469008,1666968
469008,1992828
469008,143990
469008,1449514
469008,292276
469008,203875
469008,672274
469008,522070
469008,152447
469008,279240
469008,614510
469008,625027
469008,676320
469008,748964
746805,574198
746805,627634
746805,262871
746805,746805
746805,1885326
746805,301205
746805,746805
147832,170735
147832,160858
147832,1365748
2476469,671370
2476469,480589
2476469,2327951
2476469,1433742
1103897,2238256
1103897,2032269
1103897,470955
1103897,265404
1103897,650967
1103897,1659152
1103897,503606
1103897,608987
1103897,315392
1103897,1271572
1103897,1020596
1103897,220025
1103897,979309
2471811,81029
2471811,1409764
168887,1171796
168887,168887
1529467,233113
1529467,166819
1529467,1074498
1529467,484205
1529467,479727
1529467,263109
1529467,567851
1529467,260755
1529467,2339805
1529467,1284482
1887878,1605263
1887878,1409764
1968107,1511103
1968107,127980
1968107,537467
1968107,1666968
1968107,54194
2475432,216930
1608717,1608717
1608717,700250
1608717,2457282
1608717,141314
1608717,294478
1608717,581386
1608717,179137
1608717,926191
1608717,240636
2231904,81029
2231904,345945
2231904,213094
2231904,2404666
2231904,984118
2231904,1427819
2231904,15534
2231904,249774
2231904,819681
2231904,2473383
2231904,1437124
2231904,283400
2231904,676317
2231904,160779
2231904,2363856
2231904,357536
2231904,1290822
2231904,151404
2231904,308146
2231904,457896
2231904,2183917
2334424,707956
2334424,700005
2334424,1393870
2334424,700005
2334424,1605173
167857,1686297
167857,522989
167857,854103
167857,804116
167857,1417780
167857,242300
167857,480529
832079,90613
832079,832079
1216591,1546624
1216591,1472352
1216591,209604
1216591,592409
1216591,705714
1216591,2440849
1216591,2456492
1216591,249211
1216591,1135068
1216591,839358
1216591,669955
1216591,1318560
1956071,2473343
1956071,2476842
218568,218568
218568,218568
218568,2277768
218568,2428820
2410675,1248213
2410675,615221
2410675,2410675
632573,595295
632573,465273
1957680,341795
1957680,1957680
1957680,924365
1957680,1415923
1957680,185317
1957680,471119
1957680,1957680
1957680,91060
1957680,341795
1957680,197156
1957680,526680
1957680,535142
1957680,2056732
1957680,327051
1957680,970223
2171319,1404391
2171319,564990
2171319,1981875
2171319,2287407
2171319,1108825
2171319,2329697
2171319,852579
2171319,2451868
2171319,1864919
2171319,1070625
2171319,1695840
2171319,2256703
2171319,891992
2171319,1880922
2171319,671843
2171319,852579
1730438,170325
2463494,2215549
2463494,1168296
2463494,2215549
2474351,2412452
2474351,2181875
2474351,2474558
2474351,1445046
2474351,1611845
2474351,1387745
2474351,209210
2474351,545853
2474351,266167
2474351,990691
2474351,2027848
2474351,2408185
2474351,2518311
2474351,2530741
2476536,1498424
2476536,1490310
2476536,660832
492547,1197217
595322,1949140
595322,63516
2368047,2368047
2368047,86114
2368047,2472115
2402698,2402698
2402698,608151
2402698,2470604
2476638,2281034
2476638,2238256
2476638,2326290
2476638,1705573
2476638,1251129
2476638,960293
2476638,862027
2476638,2296038
2476638,383708
2476638,2012468
2476638,2296038
2476638,2207654
2476638,779472
2476638,1474817
2476638,440307
2476638,888029
2476638,701179
2476598,924365
2476598,2333439
2476598,2476598
2476598,2333439
2476598,918232
2476598,2476598
2476598,2476598
2476598,2476598
405703,1592267
405703,482772
405703,4567
405703,116560
2476641,480888
556476,886536
556476,1427819
556476,663380
556476,747155
556476,99028
556476,297793
556476,1060063
556476,143120
556476,623756
556476,383708
1035564,170325
265095,656996
265095,310312
265095,325278
265095,627932
265095,265095
265095,779093
265095,265095
2125521,2208097
903547,601583
903547,670765
903547,470955
903547,1754500
903547,1374158
903547,1750798
852358,1415923
852358,461295
852358,1274566
852358,2332305
852358,970223
1539901,1186265
1539901,1393870
1539901,125447
1106863,1994263
1106863,391650
1106863,1418438
1042713,1042713
316630,316630
2476650,1676691
2476650,2476711
1639987,465392
1639987,2420209
1639987,265618
1639987,144434
1639987,241453
1639987,874525
1639987,710594
1639987,640408
1639987,307919
1639987,241453
1639987,2353866
1639987,240789
1639987,160133
1639987,125276
1270544,1248213
1270544,1095105
1270544,1484525
1270544,1445046
1270544,1270544
1270544,550249
1270544,587470
1270544,1978029
1270544,401754
1270544,2274663
1346531,634765
1346531,170513
1346531,154912
1346531,685606
1346531,297982
1346531,1346531
1346531,170513
1346531,2271423
1346531,2049595
1346531,1976614
1346531,1346531
1346531,1341
297876,1607959
297876,614812
297876,635735
297876,2317594
297876,297876
1518981,1215525
1518981,2402187
452961,160106
452961,280400
452961,28637
452961,408122
452961,1115623
452961,1435889
452961,881077
452961,1997202
452961,533321
452961,480938
452961,280366
452961,2210860
452961,33921
452961,280400
452961,1992980
452961,623267
452961,2343737
452961,425960
452961,19400
452961,469933
452961,345117
452961,705778
452961,626474
452961,611248
452961,2238725
452961,1654973
452961,1387432
452961,2471136
452961,1802875
452961,171386
452961,728644
452961,665641
452961,723554
452961,2331336
452961,1282986
1154768,194879
1154768,1485018
1154768,706677
1154768,189209
1154768,166353
1154768,608548
1154768,1154768
2405415,2472323
2405415,1459811
2405415,341795
2405415,524960
2405415,621345
2405415,2405415
2405415,2188829
2405415,502789
2405415,2405415
2405415,2405415
218568,218568
218568,2277768
218568,218568
218568,2428820
570029,912379
457879,176320
457879,638320
457879,1544047
457879,31431
457879,634765
457879,307202
457879,9896
457879,238325
347302,167713
347302,1797419
347302,147763
347302,347548
204694,535880
204694,879566
2093869,1620746
2093869,1271390
2093869,171984
2093869,2458109
2093869,1570207
2093869,944545
2093869,1752224
2093869,513015
2093869,1043993
2093869,19400
2093869,19400
2093869,97088
2093869,944545
2093869,1620746
2093869,1313750
2093869,2151540
2093869,2151540
2093869,944545
2093869,2151540
2093869,1885891
2093869,944545
2093869,513015
2093869,944545
2093869,797556
2093869,562799
2093869,2211736
2093869,1786917
2093869,1567547
2093869,235407
2093869,2162553
2093869,1839889
2093869,2026779
2093869,340617
2093869,12635
2093869,618136
2093869,516478
2093869,797556
2093869,2115733
2093869,454800
2093869,1899658
510493,603944
510493,599012
2104865,388090
2104865,1786475
2104865,2104865
2104865,144544
2104865,2104865
2104865,658010
2104865,638970
2104865,645093
2104865,527864
2104865,1995240
2104865,374901
2104865,1012853
2104865,1446231
1178383,799772
1178383,168074
1178383,663422
1178383,186552
1178383,306807
1178383,624416
1178383,2509426
1178383,629051
1821621,1312085
1821621,2388981
1821621,565403
1821621,636356
1821621,2469692
604973,230134
604973,676960
604973,483714
604973,299927
604973,164476
604973,604973
604973,676960
604973,170024
604973,1911673
604973,1911673
2471638,2104382
2471638,1415923
2471638,99214
2471638,576225
2471638,2033610
2471638,2488882
2471638,2499917
2471638,1081319
712109,1392047
712109,182045
712109,712109
2002000,160858
2002000,1947533
2002000,144317
2002000,419197
2002000,597415
2002000,510553
2002000,598989
2002000,2002000
2002000,486814
2002000,721651
2002000,189315
2002000,1817990
2002000,2002000
817884,817884
817884,864615
817884,866555
817884,832079
817884,800210
817884,1459811
817884,868666
817884,1319819
817884,726649
455347,319977
455347,218916
455347,1785907
455347,533092
455347,148543
455347,290649
455347,2309469
455347,161432
455347,985231
455347,263942
455347,1358228
455347,428450
455347,465944
1493609,779644
1493609,838616
1493609,198587
1493609,567851
1493609,677325
2476682,2391967
2151494,473051
2151494,1893826
2151494,52412
2151494,799399
2151494,2113828
1719225,1486815
1719225,686745
1182412,2190990
1182412,439172
1182412,2440849
1182412,373341
1182412,141053
1182412,2472696
1182412,529018
1182412,1316035
1182412,807206
1182412,491271
1182412,1716698
1182412,1890415
1182412,945052
1182412,390410
1182412,1085342
1182412,577340
1182412,577340
1182412,1233192
1182412,1201930
1182412,1476587
1182412,677325
1182412,2045486
1324668,389541
1324668,141800
1324668,425822
1324668,1650228
1324668,1215525
1324668,157358
1324668,580687
1324668,103301
1324668,1280253
1324668,2271061
1324668,398291
1324668,121809
1075914,2420209
1075914,640408
1075914,1627537
1075914,1312610
1075914,570004
1075914,291504
1075914,2379
1075914,174536
1542276,63153
1542276,170325
1542276,404517
107604,19400
107604,19400
107604,209403
2476595,522989
2476595,336386
2476595,1570207
2476595,2327951
2476595,109981
2476595,2350522
2465187,1944411
2465187,682610
2465187,1696442
2465187,1932925
2465187,181951
2465187,2475765
2465187,594782
2465187,2383705
2465187,1848562
1399933,1399933
1399933,170325
1399933,141244
1399933,1399933
1399933,182620
1399933,1519832
1399933,702273
1753472,1753472
1753472,1271572
1753472,1753472
1753472,1753472
1753472,1753472
1753472,597664
1753472,1472352
1753472,233726
1753472,900336
1753472,1113745
1753472,731446
1753472,1466900
1753472,862027
1753472,849978
1753472,2203886
1753472,383708
1753472,1666028
1753472,2072657
1753472,590537
1753472,531836
1753472,1944587
1753472,583166
1753472,1413944
1753472,1028645
1753472,737860
2476416,2466946
2476416,1831184
2476692,662807
2476692,411924
2476692,609424
605588,213094
2060724,294478
2060724,645398
2060724,248135
2060724,2459422
2060724,2459422
2060724,2475930
364436,804116
364436,1071488
364436,1071488
364436,655034
364436,145592
364436,451375
364436,627237
364436,633263
364436,2103543
364436,36950
364436,36950
364436,145543
364436,1997202
364436,931859
364436,156993
364436,28637
364436,115261
364436,89845
364436,1474560
364436,364436
364436,1387432
364436,817090
364436,844150
2473455,2309457
2473455,213691
2473455,2473455
489495,510936
489495,527682
489495,1290125
489495,582573
489495,489495
489495,160006
489495,489495
2086620,498903
2086620,405824
2086620,285471
2086620,1734257
564935,469037
564935,564935
564935,564935
564935,1227707
564935,1174314
564935,1410963
564935,564935
564935,564935
564935,725122
564935,753057
564935,631711
564935,1517601
564935,795381
564935,501208
564935,1147944
564935,2354693
564935,488602
564935,1219625
564935,691908
564935,691908
564935,691908
564935,1229049
564935,233726
564935,233726
564935,752939
564935,1441903
564935,381542
564935,1945393
564935,2262591
564935,2062380
564935,1096899
564935,2428550
564935,198881
564935,995637
564935,688154
564935,599479
564935,2057246
564935,646426
564935,2384064
564935,2277444
564935,2266395
564935,485550
564935,1437096
564935,775973
564935,1434414
564935,1201757
590815,196407
590815,1305581
590815,1157226
590815,881701
590815,204707
590815,1619562
683282,473108
2427777,1504818
2427777,211574
2427777,1504818
2427777,156064
2427777,926191
2427777,271828
2476699,2420209
2476699,705697
2476699,21031
2476699,21031
2476699,2393674
2476699,2477029
2476699,329450
2476699,228873
2476699,21031
2476699,174536
2455835,2467108
2455835,690027
2455835,1454203
2455835,1714907
2094986,525438
2094986,2420209
2094986,184427
2094986,2094986
2295033,170325
2295033,635481
2295033,148387
672625,891916
672625,766758
672625,2323651
672625,685698
672625,489891
672625,523397
672625,333358
2471193,2440849
652537,652537
652537,652537
652537,652537
652537,652537
652537,652537
652537,652537
652537,652537
652537,652537
652537,652537
652537,652537
652537,652537
652537,652537
652537,652537
652537,652537
652537,652537
652537,652537
652537,652537
652537,652537
652537,652537
652537,652537
652537,652537
652537,652537
652537,652537
652537,652537
652537,652537
652537,652537
652537,652537
652537,1749395
652537,1749395
652537,1749395
652537,1749395
652537,1749395
652537,1749395
652537,1749395
652537,1749395
652537,1749395
652537,1749395
652537,1749395
652537,1749395
652537,1749395
652537,652537
652537,652537
652537,652537
652537,652537
652537,652537
652537,652537
652537,652537
652537,652537
652537,652537
652537,652537
652537,652537
652537,652537
652537,652537
652537,652537
652537,652537
652537,652537
652537,1749395
652537,1749395
652537,1749395
652537,1749395
652537,1749395
652537,1749395
652537,1749395
652537,1749395
652537,1749395
652537,1749395
652537,1749395
652537,1749395
652537,1749395
652537,1749395
652537,1749395
652537,1749395
652537,1749395
652537,1749395
652537,1749395
652537,1749395
652537,1749395
652537,1749395
652537,1749395
652537,1749395
652537,1749395
652537,1749395
652537,1749395
652537,1749395
652537,1749395
652537,1749395
652537,1749395
652537,1749395
652537,1749395
652537,1749395
652537,1749395
652537,1749395
652537,1749395
652537,1749395
652537,1749395
652537,1749395
652537,1749395
652537,1749395
652537,1749395
652537,1749395
652537,1749395
652537,1749395
652537,1749395
652537,1749395
652537,652537
652537,652537
652537,652537
652537,652537
652537,652537
652537,652537
652537,652537
652537,652537
652537,652537
652537,652537
652537,652537
652537,652537
652537,652537
652537,652537
652537,652537
652537,652537
652537,652537
652537,652537
652537,652537
652537,652537
652537,1749395
652537,1749395
652537,1749395
652537,1749395
652537,1749395
652537,652537
652537,652537
652537,652537
652537,1749395
652537,652537
652537,652537
652537,652537
652537,652537
652537,1749395
652537,652537
652537,1749395
652537,652537
652537,652537
652537,1749395
652537,652537
652537,1749395
652537,1749395
652537,1749395
652537,1749395
652537,1749395
652537,1749395
652537,1749395
652537,1749395
652537,1749395
652537,1749395
652537,1749395
652537,1749395
652537,1749395
652537,1749395
652537,1749395
652537,1749395
652537,1749395
652537,1749395
652537,1749395
652537,1749395
652537,1749395
652537,1749395
652537,652537
652537,1749395
652537,652537
652537,1749395
652537,1749395
652537,1749395
652537,1749395
652537,1749395
652537,1749395
652537,1749395
652537,1749395
652537,1749395
652537,1749395
652537,1749395
652537,1749395
652537,1749395
652537,1749395
652537,1749395
652537,1749395
652537,1749395
652537,1749395
652537,1749395
652537,1749395
652537,1749395
652537,1749395
652537,1749395
652537,1749395
652537,1749395
652537,1749395
652537,1749395
652537,1749395
652537,1749395
652537,1749395
652537,652537
652537,652537
652537,652537
2473095,537102
2473095,9375
1194982,213691
1194982,2464353
1194982,2401136
1194982,154942
1194982,617182
1194982,396137
1194982,2417113
1194982,1225791
1194982,1049295
1194982,2047147
1194982,2340617
1194982,601184
1194982,237592
1194982,210095
1194982,1197217
1194982,607931
1194982,723744
79013,2285140
79013,2440536
79013,2478600
79013,2480925
79013,540348
79013,2488637
79013,79013
79013,79013
79013,79013
531398,705714
531398,875068
531398,1727010
531398,2456492
531398,249211
531398,614321
531398,1187935
360881,213691
360881,327018
360881,1642144
360881,219542
360881,89845
360881,26552
360881,334213
2020439,163994
2020439,2047147
2020439,108953
2020439,314621
2020439,617553
2020439,294723
2020439,2020439
444924,444924
444924,444924
444924,444924
444924,218916
444924,759495
444924,1661215
444924,202514
444924,1330876
444924,1689912
444924,632063
444924,1752969
444924,751224
444924,793661
444924,384997
444924,566027
444924,1228521
444924,1633110
444924,2397393
444924,1077331
444924,1776938
444924,718714
444924,89621
444924,298055
444924,266782
444924,2368092
444924,622742
444924,1324370
444924,1486527
490919,242236
490919,196472
527864,527864
527864,294478
527864,645398
527864,156064
527864,248135
527864,573457
527864,454284
238096,170325
238096,238096
238096,383680
2220468,448174
2220468,1037978
2220468,799772
2220468,322342
2220468,843599
2220468,504866
2220468,112731
2220468,603021
2220468,539545
2220468,585048
2220468,387094
2220468,1027566
2220468,906536
2220468,1650228
2220468,417147
2220468,655034
2220468,1595
2220468,2095925
2220468,598392
2464111,248135
2464111,926191
2464111,2297510
149070,149070
149070,149070
149070,149070
149070,149070
149070,25378
149070,654326
149070,387307
149070,248135
149070,149070
149070,149070
149070,149070
149070,149070
149070,149070
149070,387307
149070,566349
149070,149070
149070,149070
149070,915032
149070,915032
149070,566349
149070,915032
149070,157997
149070,915032
149070,149070
149070,149070
149070,915032
149070,915032
149070,915032
149070,915032
149070,915032
149070,915032
149070,915032
149070,915032
149070,915032
149070,977126
149070,306804
149070,387307
149070,566349
149070,566349
149070,387307
149070,149070
149070,149070
149070,149070
149070,149070
149070,497525
149070,149070
149070,149070
149070,149070
149070,149070
149070,149070
149070,149070
149070,149070
149070,149070
149070,149070
149070,309474
149070,25378
149070,818086
149070,149070
149070,149070
149070,149070
149070,149070
149070,149070
149070,149070
149070,149070
149070,149070
149070,149070
149070,149070
149070,149070
149070,497525
149070,497525
149070,149070
149070,149070
149070,149070
149070,149070
149070,149070
149070,149070
149070,149070
149070,149070
149070,149070
149070,149070
149070,149070
149070,149070
149070,149070
149070,149070
149070,149070
149070,149070
149070,387307
149070,387307
149070,483619
149070,149070
149070,915032
149070,915032
149070,149070
149070,149070
149070,149070
149070,915032
149070,149070
149070,149070
149070,149070
149070,149070
2109862,1948604
2109862,799772
2109862,661228
2109862,1843931
2109862,1638991
2109862,779874
2109862,534634
2109862,1582843
2109862,233216
2109862,556949
2109862,2264740
2109862,592015
2109862,2298157
2109862,779314
2109862,2303128
2109862,1262460
2109862,1697679
2109862,560011
2109862,1378074
2109862,1618012
2109862,874304
2109862,651314
2109862,1109586
2109862,2343306
2109862,1936836
2109862,2317833
2109862,2120001
2109862,2378008
2109862,796144
2109862,1053308
2109862,2447076
2109862,1259137
2109862,2474879
2109862,1427819
2109862,575440
2109862,1565839
2109862,2446053
2109862,2307641
2109862,922118
2109862,1394547
2109862,624590
2109862,2480041
2109862,1474960
2109862,923636
2109862,504721
2109862,2481037
2109862,751667
2109862,242400
2109862,2113713
2109862,339567
2109862,2258497
211489,881405
211489,1611845
211489,638583
211489,2181875
211489,1026173
224153,365830
224153,1497981
224153,224153
224153,238325
224153,719142
224153,2530741
1719156,690027
1719156,341795
1719156,1961778
1719156,711525
1719156,568202
1719156,485590
1719156,195087
1719156,526680
1719156,2104382
1719156,1428399
1719156,1192204
1719156,662767
1631853,1870768
1631853,473108
1631853,1271390
1631853,465929
1631853,1003695
1631853,465929
1631853,473108
1631853,1631853
1631853,288392
1631853,646517
1631853,187147
1631853,1688319
1205073,417074
1205073,1205073
1205073,677764
1205073,506947
1205073,506947
558514,2397901
558514,1066191
558514,2231481
558514,88081
558514,524789
2476711,1153678
2476711,2476711
