33821017
33821130
33821147
33821204
33821318
33821346
33821354
33821358
33821483
33821505
33821672
33821677
33821725
33821733
33821779
33821818
33821880
33821892
33821953
33822029
33822085
33822094
33822111
33822292
33822303
33822319
33822334
33822400
33822432
33822444
33822454
33822460
33822503
33822605
33822616
33822635
33822638
33822648
33822746
33822755
33822776
33822795
33822802
33822817
33822825
33822839
33822916
33823023
33823089
33823183
33823194
33823239
33823244
33823266
33823300
33823308
33823341
33823506
33823587
33823598
33823624
33823668
33823670
33823771
33823778
33823806
33823863
33823927
33823966
33824004
33824070
33824111
33824222
33824225
33824230
33824248
33824300
33824352
33824523
33824716
33824728
33824822
33824978
33825011
33825097
33825123
33825155
33825167
33825183
33825285
33825291
33825364
33825384
33825434
33825483
33825507
33825537
33825565
33825575
33825841
33825903
33825981
33825988
33825990
33826080
33826092
33826096
33826137
33826172
33826248
33826265
33826277
33826430
33826516
33826532
33826595
33826638
33826650
33826661
33826668
33826694
33826776
33826777
33826827
33826903
33827027
33827055
33827074
33827075
33827122
33827167
33827227
33827264
33827308
33827366
33827376
33827391
33827424
33827434
33827475
33827478
33827482
33827528
33827633
33827642
33827697
33827840
33827953
33827960
33828031
33828093
33828104
33828117
33828140
33828152
33828172
33828190
33828199
33828225
33828331
33828405
33828418
33828446
33828636
33828646
33828659
33828675
33828707
33828738
33828753
33828756
33828770
33828810
33828870
33828882
33829082
33829142
33829226
33829229
33829271
33829327
33829410
33829522
33829631
33829634
33829642
33829657
33829713
33829834
33829869
33829910
--3382--
33831055
33831094
33831101
33831102
33831181
33831200
33831247
33831253
33831293
33831307
33831310
33831325
33831326
33831357
33831363
33831367
33831681
33831722
33831751
33831781
33831792
33831863
33831943
33832123
33832130
33832193
33832239
33832260
33832266
33832273
33832293
33832369
33832387
33832488
33832499
33832537
33832577
33832648
33832663
33832713
33832723
33832732
33832740
33832784
33832794
33832800
33832864
33832867
33832869
33832908
33832960
33833107
33833200
33833201
33833208
33833324
33833326
33833331
33833340
33833384
33833467
33833468
33833492
33833524
33833568
33833582
33833588
33833634
33833768
33833847
33833872
33833917
33834027
33834031
33834051
33834089
33834124
33834184
33834289
33834334
33834371
33834481
33834484
33834564
33834575
33834581
33834702
33834727
33834744
33834756
33834820
33834854
33834855
33834861
33834926
33834938
33835017
33835018
33835023
33835055
33835058
33835111
33835135
33835137
33835169
33835202
33835231
33835382
33835387
33835392
33835456
33835488
33835523
33835540
33835579
33835614
33835632
33835645
33835769
33835774
33835775
33835802
33835816
33835861
33835864
33835874
33835937
33835946
33835957
33835973
33835979
33836013
33836023
33836039
33836115
33836193
33836206
33836224
33836227
33836335
33836337
33836345
33836365
33836423
33836442
33836456
33836468
33836510
33836535
33836571
33836649
33836723
33836737
33836778
33836797
33836820
33836837
33836879
33836902
33836930
33836958
33836979
33837008
33837013
33837043
33837088
33837167
33837217
33837258
33837420
33837453
33837458
33837559
33837670
33837723
33837728
33837737
33837769
33837905
33837917
33837953
33838035
33838057
33838099
33838157
33838163
33838176
33838238
33838251
33838260
33838286
33838300
33838321
33838327
33838333
33838364
33838416
33838479
33838558
33838588
33838605
33838724
33838752
33838760
33838761
33838797
33838840
33838893
33838932
33838985
33838989
33839027
33839037
33839050
33839105
33839226
33839262
33839270
33839291
33839309
33839660
33839678
33839736
33839947
33839952
--3383--
--3384--
--3385--
--3386--
33871007
33871013
33871019
33871028
33871037
33871045
33871047
33871132
33871144
33871145
33871159
33871232
33871253
33871266
33871267
33871271
33871278
33871280
33871300
33871413
33871439
33871450
33871452
33871517
33871528
33871534
33871601
33871629
33871630
33871650
33871732
33871746
33871770
33871776
33871780
33871799
33871827
33871879
33871889
33871960
33871979
33871984
33872001
33872029
33872048
33872118
33872122
33872134
33872143
33872144
33872164
33872200
33872205
33872211
33872220
33872252
33872254
33872263
33872269
33872303
33872306
33872324
33872325
33872335
33872350
33872360
33872362
33872364
33872393
33872395
33872407
33872413
33872458
33872464
33872526
33872531
33872549
33872551
33872570
33872574
33872579
33872589
33872603
33872629
33872632
33872698
33872713
33872726
33872735
33872765
33872774
33872788
33872794
33872826
33872834
33872856
33872874
33872907
33872931
33872966
33872985
33872990
33872997
33873001
33873035
33873095
33873097
33873103
33873109
33873114
33873157
33873174
33873179
33873199
33873212
33873228
33873230
33873242
33873264
33873362
33873401
33873414
33873426
33873430
33873485
33873486
33873495
33873520
33873563
33873577
33873598
33873611
33873664
33873699
33873719
33873787
33873822
33873862
33873902
33873911
33873989
33873992
33874011
33874019
33874027
33874039
33874044
33874050
33874052
33874124
33874158
33874169
33874184
33874190
33874221
33874228
33874235
33874282
33874291
33874299
33874310
33874372
33874391
33874395
33874411
33874427
33874457
33874478
33874481
33874524
33874531
33874607
33874634
33874646
33874668
33874672
33874682
33874702
33874717
33874723
33874757
33874794
33874817
33874823
33874891
33874911
33874947
33874995
33875001
33875004
33875010
33875026
33875055
33875062
33875105
33875139
33875152
33875169
33875172
33875181
33875189
33875194
33875206
33875229
33875242
33875323
33875391
33875406
33875412
33875424
33875438
33875456
33875469
33875491
33875492
33875493
33875535
33875546
33875554
33875580
33875581
33875607
33875620
33875630
33875647
33875660
33875663
33875664
33875676
33875681
33875687
33875694
33875705
33875741
33875769
33875812
33875814
33875825
33875845
33875868
33875891
33875928
33875936
33875954
33875961
33875965
33875966
33875994
33876050
33876090
33876120
33876121
33876144
33876150
33876156
33876158
33876169
33876193
33876203
33876215
33876256
33876258
33876266
33876282
33876283
33876312
33876317
33876324
33876363
33876367
33876405
33876431
33876439
33876461
33876470
33876473
33876485
33876490
33876510
33876584
33876594
33876600
33876627
33876672
33876676
33876754
33876765
33876767
33876772
33876784
33876797
33876819
33876883
33876917
33876934
33876941
33876944
33876954
33876956
33876958
33876964
33876995
33877005
33877020
33877061
33877076
33877077
33877092
33877107
33877127
33877133
33877181
33877191
33877259
33877264
33877278
33877293
33877302
33877313
33877330
33877346
33877349
33877366
33877438
33877439
33877504
33877532
33877539
33877584
33878361
33878384
33878393
33878403
33878416
33878461
33878487
33878493
33878644
33878666
33878678
33878682
33878736
33878739
33878789
33878813
33878816
33878841
33878851
33878857
33878858
33878880
33878893
33878913
33878938
33878993
33879034
33879052
33879085
33879086
33879109
33879111
33879161
33879168
33879180
33879189
33879204
33879225
33879252
33879284
33879291
33879292
33879355
33879358
33879439
33879460
33879474
33879509
33879514
33879555
33879576
33879588
33879592
33879674
33879779
33879802
33879806
33879885
33879906
33879916
33879925
33879941
33879943
33879991
--3387--
33881002
33881071
33881078
33881158
33881189
33881191
33881212
33881225
33881228
33881229
33881242
33881274
33881298
33881304
33881320
33881358
33881361
33881382
33881453
33881509
33881519
33881539
33881559
33881564
33881600
33881660
33881710
33881720
33881731
33881774
33881792
33881818
33881916
33881969
33881991
33881992
33882002
33882055
33882057
33882066
33882084
33882090
33882103
33882132
33882139
33882140
33882156
33882174
33882181
33882201
33882211
33882226
33882238
33882303
33882306
33882310
33882323
33882337
33882358
33882365
33882394
33882398
33882426
33882456
33882465
33882496
33882538
33882543
33882573
33882592
33882617
33882628
33882644
33882672
33882726
33882735
33882747
33882757
33882796
33882798
33882840
33882892
33882896
33882915
33882925
33882952
33882976
33882987
33882988
33882996
33883041
33883050
33883059
33883106
33883110
33883118
33883119
33883130
 33883181
33883217
33883222
33883284
33883347
33883348
33883364
33883380
33883386
33883400
33883420
33883439
33883448
33883453
33883477
33883490
33883532
33883582
33883621
33883625
33883627
33883630
33883657
33883670
33883672
33883676
33883713
33883769
33883849
33883868
33883891
33883899
33883915
33883938
33883939
33883967
33883987
33884039
33884044
33884053
33884502
33884503
33884512
33884549
33884584
33884634
33884709
33884724
33884749
33884815
33884845
33884847
33884858
33884894
33884931
33884952
33884961
33884979
33884987
33885001
33885008
33885009
33885024
33885032
33885044
33885059
33885072
33885076
33885095
33885100
33885116
33885130
33885162
33885177
33885179
33885302
33885327
33885336
33885342
33885349
33885353
33885382
33885400
33885419
33885428
33885434
33885487
33885489
33885583
33885616
33885625
33885637
33885665
33885683
33885699
33885767
33885787
33885790
33885792
33885820
33885830
33885855
33885871
33885878
33885892
33885914
33885924
33885934
33885935
33885945
33885956
33885957
33885993
33885995
33886075
33886076
33886099
33886142
33886195
33886253
33886278
33886304
33886308
33886324
33886346
33886352
33886431
33886465
33886484
33886496
33886512
33886515
33886524
33886549
33886626
33886645
33886664
33886669
33886673
33886689
33886758
33886759
33886775
33886776
33886811
33886816
33886837
33886844
33886850
33886892
33886934
33886957
33886973
33886974
33887001
33887049
33887070
33887160
33887215
33887264
33887298
33887302
33887337
33887341
33887382
33887385
33887465
33887539
33887634
33887642
33887702
33887722
33887750
33887763
33887783
33887784
33887857
33887872
33887883
33887884
33887892
33887898
33887916
33887918
33887939
33887945
33887947
33887962
33887986
33887990
33887997
33888046
33888120
33888132
33888136
33888162
33888173
33888306
33888325
33888346
33888374
33888380
33888381
33888382
33888387
33888397
33888433
33888502
33888514
33888515
33888553
33888617
33888658
33888674
33888707
33888722
33888817
33888819
33888824
33888837
33888850
33888862
33888863
33888876
33888877
33888895
33888901
33888913
33888920
33888922
33888927
33888976
33889049
33889076
33889097
33889108
33889132
33889166
33889183
33889202
33889232
33889246
33889270
33889279
33889291
33889368
33889372
33889438
33889455
33889457
33889466
33889503
33889511
33889536
33889542
33889562
33889596
33889632
33889653
33889693
33889705
33889728
33889742
33889744
33889758
33889799
33889800
33889812
33889838
33889864
33889918
33889936
